Movie,Year,Link
,,http://9xmusiq.com/file/file/tamil/2015/Rajathandhiram%20(Single)%20Yen%20Indha%20Paarvaigal%20%5bStarmusiq.xyz%5d.mp3
Ru,,http://9xmusiq.com/file/tamil/re_upload/Ru_2015/Vaada_Ura_Dheera%20%5bStarMusiQ.La%5d.mp3
Ru,,http://9xmusiq.com/file/tamil/re_upload/Ru_2015/Kanneerin_Ellaiye%20%5bStarMusiQ.La%5d.mp3
Ru,,http://9xmusiq.com/file/tamil/re_upload/Ru_2015/En_Munnala%20%5bStarMusiQ.La%5d.mp3
Ru,,http://9xmusiq.com/file/tamil/re_upload/Ru_2015/God_Thanthadhe%20%5bStarMusiQ.La%5d.mp3
Urumeen,,http://9xmusiq.com/file/songs/Tamil%20Songs/2015%20Tamil%20Mp3/Urumeen%20(2015)/Siru%20Nadai%20%5bStarmusiq.xyz%5d.mp3
Urumeen,,http://9xmusiq.com/file/songs/Tamil%20Songs/2015%20Tamil%20Mp3/Urumeen%20(2015)/Hey%20Umayaal%20(Unplugged%20Version)%20%5bStarmusiq.xyz%5d.mp3
Urumeen,,http://9xmusiq.com/file/songs/Tamil%20Songs/2015%20Tamil%20Mp3/Urumeen%20(2015)/Siru%20Nadai%20(Reprise%20Version)%20%5bStarmusiq.xyz%5d.mp3
Urumeen,,http://9xmusiq.com/file/songs/Tamil%20Songs/2015%20Tamil%20Mp3/Urumeen%20(2015)/Yaadhum%20Oorae%20%5bStarmusiq.xyz%5d.mp3
Urumeen,,http://9xmusiq.com/file/songs/Tamil%20Songs/2015%20Tamil%20Mp3/Urumeen%20(2015)/Ba:%20Ba:%20%5bStarmusiq.xyz%5d.mp3
Urumeen,,http://9xmusiq.com/file/songs/Tamil%20Songs/2015%20Tamil%20Mp3/Urumeen%20(2015)/Hey%20Umayaa%20%5bStarmusiq.xyz%5d.mp3
Tharkappu,,http://9xmusiq.com/file/tamil/re_upload/Tharkappu_2015/Ivan_Peyar%20%5bStarMusiQ.La%5d.mp3
Tharkappu,,http://9xmusiq.com/file/tamil/re_upload/Tharkappu_2015/Aayiram_Aayiramai%20%5bStarMusiQ.La%5d.mp3
Tharkappu,,http://9xmusiq.com/file/tamil/re_upload/Tharkappu_2015/Sayangala%20%5bStarMusiQ.La%5d.mp3
Tharkappu,,http://9xmusiq.com/file/tamil/re_upload/Tharkappu_2015/Hey_Hey_Idhu%20%5bStarMusiQ.La%5d.mp3
Kabali,2016,http://9xmusiq.com/file/songs/Tamil%20Songs/2016%20Tamil%20Mp3/Kabali%20(2016)/Veera%20Thurandhara%20%5bStarmusiq.xyz%5d.mp3
Kabali,2016,http://9xmusiq.com/file/songs/Tamil%20Songs/2016%20Tamil%20Mp3/Kabali%20(2016)/Neruppu%20Da%20%5bStarmusiq.xyz%5d.mp3
Kabali,2016,http://9xmusiq.com/file/songs/Tamil%20Songs/2016%20Tamil%20Mp3/Kabali%20(2016)/Maya%20Nadhi%20%5bStarmusiq.xyz%5d.mp3
Kabali,2016,http://9xmusiq.com/file/songs/Tamil%20Songs/2016%20Tamil%20Mp3/Kabali%20(2016)/Ulagam%20Oruvanukka%20%5bStarmusiq.xyz%5d.mp3
Kabali,2016,http://9xmusiq.com/file/songs/Tamil%20Songs/2016%20Tamil%20Mp3/Kabali%20(2016)/Vaanam%20Paarthen%20%5bStarmusiq.xyz%5d.mp3
Kathukkutty,,http://9xmusiq.com/file/songs/Tamil%20Songs/2015%20Tamil%20Mp3/Kathukkutty%20(2015)/Oru%20Round%20%5bStarmusiq.xyz%5d.mp3
Kathukkutty,,http://9xmusiq.com/file/songs/Tamil%20Songs/2015%20Tamil%20Mp3/Kathukkutty%20(2015)/Karuppu%20Vella%20%5bStarmusiq.xyz%5d.mp3
Kathukkutty,,http://9xmusiq.com/file/songs/Tamil%20Songs/2015%20Tamil%20Mp3/Kathukkutty%20(2015)/Kalakkattu%20Kannala%20%5bStarmusiq.xyz%5d.mp3
Kathukkutty,,http://9xmusiq.com/file/songs/Tamil%20Songs/2015%20Tamil%20Mp3/Kathukkutty%20(2015)/Karnadagathu%20%5bStarmusiq.xyz%5d.mp3
Kathukkutty,,http://9xmusiq.com/file/songs/Tamil%20Songs/2015%20Tamil%20Mp3/Kathukkutty%20(2015)/Nenjukkulla%20%5bStarmusiq.xyz%5d.mp3
Kochadaiyaan,,http://9xmusiq.com/file/songs/Tamil%20Songs/2014%20Tamil%20Mp3/Kochadaiyaan%20(2014)/Medhuvaagathaan%20%5bStarmusiq.xyz%5d.mp3
Kochadaiyaan,,http://9xmusiq.com/file/songs/Tamil%20Songs/2014%20Tamil%20Mp3/Kochadaiyaan%20(2014)/Manamaganini%20Sathiyam%20%5bStarmusiq.xyz%5d.mp3
Kochadaiyaan,,http://9xmusiq.com/file/songs/Tamil%20Songs/2014%20Tamil%20Mp3/Kochadaiyaan%20(2014)/Engae%20Pogudho%20Vaanam%20%5bStarmusiq.xyz%5d.mp3
Kochadaiyaan,,http://9xmusiq.com/file/songs/Tamil%20Songs/2014%20Tamil%20Mp3/Kochadaiyaan%20(2014)/Engal%20Kochadaiiyaan%20%5bStarmusiq.xyz%5d.mp3
Kochadaiyaan,,http://9xmusiq.com/file/songs/Tamil%20Songs/2014%20Tamil%20Mp3/Kochadaiyaan%20(2014)/Idhayam%20%5bStarmusiq.xyz%5d.mp3
Kochadaiyaan,,http://9xmusiq.com/file/songs/Tamil%20Songs/2014%20Tamil%20Mp3/Kochadaiyaan%20(2014)/Karma%20Veeran%20%5bStarmusiq.xyz%5d.mp3
Kochadaiyaan,,http://9xmusiq.com/file/songs/Tamil%20Songs/2014%20Tamil%20Mp3/Kochadaiyaan%20(2014)/Ranas%20Dream%20(Instrumental)%20%5bStarmusiq.xyz%5d.mp3
Kochadaiyaan,,http://9xmusiq.com/file/songs/Tamil%20Songs/2014%20Tamil%20Mp3/Kochadaiyaan%20(2014)/Manappenin%20Sathiyam%20%5bStarmusiq.xyz%5d.mp3
Kochadaiyaan,,http://9xmusiq.com/file/songs/Tamil%20Songs/2014%20Tamil%20Mp3/Kochadaiyaan%20(2014)/Maattram%20Ondrudhaan%20Maaraadhadhu%20%5bStarmusiq.xyz%5d.mp3
Savaale Samaali,,http://9xmusiq.com/file/tamil/re_upload/Savaale_Samaali_2015/Penne_Penne%20%5bStarMusiQ.La%5d.mp3
Savaale Samaali,,http://9xmusiq.com/file/tamil/re_upload/Savaale_Samaali_2015/Yaaro_Yaaro%20%5bStarMusiQ.La%5d.mp3
Savaale Samaali,,http://9xmusiq.com/file/tamil/re_upload/Savaale_Samaali_2015/Ethanai_Kavignen%20%5bStarMusiQ.La%5d.mp3
Savaale Samaali,,http://9xmusiq.com/file/tamil/re_upload/Savaale_Samaali_2015/Nallavana_Kettavana%20%5bStarMusiQ.La%5d.mp3
Savaale Samaali,,http://9xmusiq.com/file/tamil/re_upload/Savaale_Samaali_2015/Savaale_Samaali%20%5bStarMusiQ.La%5d.mp3
Hello Naan Pei Pesuren,,http://9xmusiq.com/file/songs/Tamil%20Songs/2015%20Tamil%20Mp3/Hello%20Naan%20Pei%20Pesuren%20(2015)/Idhayathin%20Laptap%20%5bStarmusiq.xyz%5d.mp3
Hello Naan Pei Pesuren,,http://9xmusiq.com/file/songs/Tamil%20Songs/2015%20Tamil%20Mp3/Hello%20Naan%20Pei%20Pesuren%20(2015)/Majja%20Malcha%20%5bStarmusiq.xyz%5d.mp3
Hello Naan Pei Pesuren,,http://9xmusiq.com/file/songs/Tamil%20Songs/2015%20Tamil%20Mp3/Hello%20Naan%20Pei%20Pesuren%20(2015)/Sillaakki%20Dumma%20%5bStarmusiq.xyz%5d.mp3
Hello Naan Pei Pesuren,,http://9xmusiq.com/file/songs/Tamil%20Songs/2015%20Tamil%20Mp3/Hello%20Naan%20Pei%20Pesuren%20(2015)/Kozhi%20Kuruda%20%5bStarmusiq.xyz%5d.mp3
Hello Naan Pei Pesuren,,http://9xmusiq.com/file/songs/Tamil%20Songs/2015%20Tamil%20Mp3/Hello%20Naan%20Pei%20Pesuren%20(2015)/Naanum%20Avalum%20%5bStarmusiq.xyz%5d.mp3
Kappal,,http://9xmusiq.com/file/songs/Tamil%20Songs/2014%20Tamil%20Mp3/Kappal%20(2014)/Ekkachakkamai%20%5bStarmusiq.xyz%5d.mp3
Kappal,,http://9xmusiq.com/file/songs/Tamil%20Songs/2014%20Tamil%20Mp3/Kappal%20(2014)/Friendship%20%5bStarmusiq.xyz%5d.mp3
Kappal,,http://9xmusiq.com/file/songs/Tamil%20Songs/2014%20Tamil%20Mp3/Kappal%20(2014)/Ooru%20Vittu%20Ooru%20Vandhu%20(Remix)%20%5bStarmusiq.xyz%5d.mp3
Kappal,,http://9xmusiq.com/file/songs/Tamil%20Songs/2014%20Tamil%20Mp3/Kappal%20(2014)/Kaali%20Pasanga%20%5bStarmusiq.xyz%5d.mp3
Kappal,,http://9xmusiq.com/file/songs/Tamil%20Songs/2014%20Tamil%20Mp3/Kappal%20(2014)/Kadhal%20Cassata%20%5bStarmusiq.xyz%5d.mp3
Kappal,,http://9xmusiq.com/file/songs/Tamil%20Songs/2014%20Tamil%20Mp3/Kappal%20(2014)/Oru%20Cup%20Acid%20%5bStarmusiq.xyz%5d.mp3
Ondikkatta,,http://9xmusiq.com/file/songs2/tamil/Ondikkatta_160kbps/Munnavittu%20%5bStarmusiq.info%5d.mp3
Ondikkatta,,http://9xmusiq.com/file/songs2/tamil/Ondikkatta_160kbps/Chekka_Sevantha_Pulla%20%5bStarmusiq.info%5d.mp3
Ondikkatta,,http://9xmusiq.com/file/songs2/tamil/Ondikkatta_160kbps/Ketta_Ketta%20%5bStarmusiq.info%5d.mp3
Ondikkatta,,http://9xmusiq.com/file/songs2/tamil/Ondikkatta_160kbps/Kattam_Potta_Satta%20%5bStarmusiq.info%5d.mp3
Ondikkatta,,http://9xmusiq.com/file/songs2/tamil/Ondikkatta_160kbps/Chandira_Sooriyan%20%5bStarmusiq.info%5d.mp3
Ondikkatta,,http://9xmusiq.com/file/songs2/tamil/Ondikkatta_160kbps/Thundu_Beedi%20%5bStarmusiq.info%5d.mp3
Vaarayo Vennilave,,http://9xmusiq.com/file/songs/Tamil%20Songs/2014%20Tamil%20Mp3/Vaarayo%20Vennilave%20(2014)/En%20Kadhal%20(Reprise)%20%5bStarmusiq.xyz%5d.mp3
Vaarayo Vennilave,,http://9xmusiq.com/file/songs/Tamil%20Songs/2014%20Tamil%20Mp3/Vaarayo%20Vennilave%20(2014)/Uyir%20Ennum%20%5bStarmusiq.xyz%5d.mp3
Vaarayo Vennilave,,http://9xmusiq.com/file/songs/Tamil%20Songs/2014%20Tamil%20Mp3/Vaarayo%20Vennilave%20(2014)/Kannadi%20Parkkama%20%5bStarmusiq.xyz%5d.mp3
Vaarayo Vennilave,,http://9xmusiq.com/file/songs/Tamil%20Songs/2014%20Tamil%20Mp3/Vaarayo%20Vennilave%20(2014)/En%20Kadhal%20%5bStarmusiq.xyz%5d.mp3
Vaarayo Vennilave,,http://9xmusiq.com/file/songs/Tamil%20Songs/2014%20Tamil%20Mp3/Vaarayo%20Vennilave%20(2014)/Indha%20Aylesa%20%5bStarmusiq.xyz%5d.mp3
Vaarayo Vennilave,,http://9xmusiq.com/file/songs/Tamil%20Songs/2014%20Tamil%20Mp3/Vaarayo%20Vennilave%20(2014)/Ambani%20Ponnu%20%5bStarmusiq.xyz%5d.mp3
Vaarayo Vennilave,,http://9xmusiq.com/file/songs/Tamil%20Songs/2014%20Tamil%20Mp3/Vaarayo%20Vennilave%20(2014)/Unnidam%20Ondrai%20%5bStarmusiq.xyz%5d.mp3
Sethuboomi,,http://9xmusiq.com/file/songs/Tamil%20Songs/2015%20Tamil%20Mp3/Sethuboomi%20(2015)/Yendi%20Sandali%20%5bStarmusiq.xyz%5d.mp3
Sethuboomi,,http://9xmusiq.com/file/songs/Tamil%20Songs/2015%20Tamil%20Mp3/Sethuboomi%20(2015)/Ini%20Neeyachu%20Naanachu%20%5bStarmusiq.xyz%5d.mp3
Sethuboomi,,http://9xmusiq.com/file/songs/Tamil%20Songs/2015%20Tamil%20Mp3/Sethuboomi%20(2015)/En%20Thayapola%20%5bStarmusiq.xyz%5d.mp3
Sethuboomi,,http://9xmusiq.com/file/songs/Tamil%20Songs/2015%20Tamil%20Mp3/Sethuboomi%20(2015)/Singapore%20Scent%20%5bStarmusiq.xyz%5d.mp3
Ra,,http://9xmusiq.com/file/songs/Tamil%20Songs/2014%20Tamil%20Mp3/Ra%20(2014)/Kannurangai%20%5bStarmusiq.xyz%5d.mp3
Ra,,http://9xmusiq.com/file/songs/Tamil%20Songs/2014%20Tamil%20Mp3/Ra%20(2014)/Yutham%20%5bStarmusiq.xyz%5d.mp3
Ra,,http://9xmusiq.com/file/songs/Tamil%20Songs/2014%20Tamil%20Mp3/Ra%20(2014)/Hey%20Pulla%20Yen%20Usure%20(Remix)%20%5bStarmusiq.xyz%5d.mp3
Ra,,http://9xmusiq.com/file/songs/Tamil%20Songs/2014%20Tamil%20Mp3/Ra%20(2014)/Hey%20Pulla%20Yen%20Usure%20%5bStarmusiq.xyz%5d.mp3
Ra,,http://9xmusiq.com/file/songs/Tamil%20Songs/2014%20Tamil%20Mp3/Ra%20(2014)/Devathai%20%5bStarmusiq.xyz%5d.mp3
Ra,,http://9xmusiq.com/file/songs/Tamil%20Songs/2014%20Tamil%20Mp3/Ra%20(2014)/Varuvayo%20Then%20%5bStarmusiq.xyz%5d.mp3
Ra,,http://9xmusiq.com/file/songs/Tamil%20Songs/2014%20Tamil%20Mp3/Ra%20(2014)/Theme%20Music%20%5bStarmusiq.xyz%5d.mp3
Sagaptham,,http://9xmusiq.com/file/songs/Tamil%20Songs/2015%20Tamil%20Mp3/Sagaptham%20(2015)/Enakkanavan%20%5bStarmusiq.xyz%5d.mp3
Sagaptham,,http://9xmusiq.com/file/songs/Tamil%20Songs/2015%20Tamil%20Mp3/Sagaptham%20(2015)/Oorukku%20Perumai%20%5bStarmusiq.xyz%5d.mp3
Sagaptham,,http://9xmusiq.com/file/songs/Tamil%20Songs/2015%20Tamil%20Mp3/Sagaptham%20(2015)/Vaada%20Vaada%20%5bStarmusiq.xyz%5d.mp3
Sagaptham,,http://9xmusiq.com/file/songs/Tamil%20Songs/2015%20Tamil%20Mp3/Sagaptham%20(2015)/Karichan%20Kuruvi%20%5bStarmusiq.xyz%5d.mp3
Sagaptham,,http://9xmusiq.com/file/songs/Tamil%20Songs/2015%20Tamil%20Mp3/Sagaptham%20(2015)/Adiye%20Rathiye%20%5bStarmusiq.xyz%5d.mp3
Arima Nambi,,http://9xmusiq.com/file/songs/Tamil%20Songs/2014%20Tamil%20Mp3/Arima%20Nambi%20(2014)/Neeye%20Neeye%20%5bStarmusiq.xyz%5d.mp3
Arima Nambi,,http://9xmusiq.com/file/songs/Tamil%20Songs/2014%20Tamil%20Mp3/Arima%20Nambi%20(2014)/Theme%20Music%20%5bStarmusiq.xyz%5d.mp3
Arima Nambi,,http://9xmusiq.com/file/songs/Tamil%20Songs/2014%20Tamil%20Mp3/Arima%20Nambi%20(2014)/Yaaro%20Yaar%20Aval%20%5bStarmusiq.xyz%5d.mp3
Arima Nambi,,http://9xmusiq.com/file/songs/Tamil%20Songs/2014%20Tamil%20Mp3/Arima%20Nambi%20(2014)/Idhayam%20En%20Idhayam%20%5bStarmusiq.xyz%5d.mp3
Arima Nambi,,http://9xmusiq.com/file/songs/Tamil%20Songs/2014%20Tamil%20Mp3/Arima%20Nambi%20(2014)/Naanum%20Unnil%20Padhi%20%5bStarmusiq.xyz%5d.mp3
Mahabalipuram,,http://9xmusiq.com/file/songs/Tamil%20Songs/2014%20Tamil%20Mp3/Mahabalipuram%20(2014)/Kudiya%20Vidu%20%5bStarmusiq.xyz%5d.mp3
Mahabalipuram,,http://9xmusiq.com/file/songs/Tamil%20Songs/2014%20Tamil%20Mp3/Mahabalipuram%20(2014)/Sethe%20Ponendi%20%5bStarmusiq.xyz%5d.mp3
Mahabalipuram,,http://9xmusiq.com/file/songs/Tamil%20Songs/2014%20Tamil%20Mp3/Mahabalipuram%20(2014)/Aanandha%20Thendral%20%5bStarmusiq.xyz%5d.mp3
Mahabalipuram,,http://9xmusiq.com/file/songs/Tamil%20Songs/2014%20Tamil%20Mp3/Mahabalipuram%20(2014)/Aathadi%20Yenna%20Solla%20%5bStarmusiq.xyz%5d.mp3
Mahabalipuram,,http://9xmusiq.com/file/songs/Tamil%20Songs/2014%20Tamil%20Mp3/Mahabalipuram%20(2014)/Usure%20Nee%20%5bStarmusiq.xyz%5d.mp3
Nee Naan Nizhal,,http://9xmusiq.com/file/songs/Tamil%20Songs/2014%20Tamil%20Mp3/Nee%20Naan%20Nizhal%20(2014)/Vai%20Pesum%20Kaalaithendral%20%5bStarmusiq.xyz%5d.mp3
Nee Naan Nizhal,,http://9xmusiq.com/file/songs/Tamil%20Songs/2014%20Tamil%20Mp3/Nee%20Naan%20Nizhal%20(2014)/Nee%20Naan%20Nizhal%20Theme%20Music%20%5bStarmusiq.xyz%5d.mp3
Nee Naan Nizhal,,http://9xmusiq.com/file/songs/Tamil%20Songs/2014%20Tamil%20Mp3/Nee%20Naan%20Nizhal%20(2014)/Naetrirunthal%20%5bStarmusiq.xyz%5d.mp3
Nee Naan Nizhal,,http://9xmusiq.com/file/songs/Tamil%20Songs/2014%20Tamil%20Mp3/Nee%20Naan%20Nizhal%20(2014)/Thandral%20Veesum%20Iravu%20%5bStarmusiq.xyz%5d.mp3
Nee Naan Nizhal,,http://9xmusiq.com/file/songs/Tamil%20Songs/2014%20Tamil%20Mp3/Nee%20Naan%20Nizhal%20(2014)/Namma%20Naattula%20%5bStarmusiq.xyz%5d.mp3
Nee Naan Nizhal,,http://9xmusiq.com/file/songs/Tamil%20Songs/2014%20Tamil%20Mp3/Nee%20Naan%20Nizhal%20(2014)/Namma%20Naattula%20(Remix)%20%5bStarmusiq.xyz%5d.mp3
Paayum Puli,,http://9xmusiq.com/file/songs/Tamil%20Songs/2015%20Tamil%20Mp3/Paayum%20Puli%20(2015)/Marudakkaari%20%5bStarmusiq.xyz%5d.mp3
Paayum Puli,,http://9xmusiq.com/file/songs/Tamil%20Songs/2015%20Tamil%20Mp3/Paayum%20Puli%20(2015)/Marudakkaari%20(Karaoke%20Track)%20%5bStarmusiq.xyz%5d.mp3
Paayum Puli,,http://9xmusiq.com/file/songs/Tamil%20Songs/2015%20Tamil%20Mp3/Paayum%20Puli%20(2015)/Naa%20Soodana%20Mogini%20%5bStarmusiq.xyz%5d.mp3
Paayum Puli,,http://9xmusiq.com/file/songs/Tamil%20Songs/2015%20Tamil%20Mp3/Paayum%20Puli%20(2015)/Silukku%20Marame%20(Karaoke%20Track)%20%5bStarmusiq.xyz%5d.mp3
Paayum Puli,,http://9xmusiq.com/file/songs/Tamil%20Songs/2015%20Tamil%20Mp3/Paayum%20Puli%20(2015)/Yaar%20Inda%20Muyalkutty%20%5bStarmusiq.xyz%5d.mp3
Paayum Puli,,http://9xmusiq.com/file/songs/Tamil%20Songs/2015%20Tamil%20Mp3/Paayum%20Puli%20(2015)/Puli%20Puli%20Paayumpuli%20%5bStarmusiq.xyz%5d.mp3
Paayum Puli,,http://9xmusiq.com/file/songs/Tamil%20Songs/2015%20Tamil%20Mp3/Paayum%20Puli%20(2015)/Yaar%20Inda%20Muyalkutty%20(Karaoke%20Track)%20%5bStarmusiq.xyz%5d.mp3
Paayum Puli,,http://9xmusiq.com/file/songs/Tamil%20Songs/2015%20Tamil%20Mp3/Paayum%20Puli%20(2015)/Silukku%20Marame%20%5bStarmusiq.xyz%5d.mp3
Kodai Mazhai,,http://9xmusiq.com/file/songs/Tamil%20Songs/2015%20Tamil%20Mp3/Kodai%20Mazhai%20(2015)/Nellai%20Cheemaiyile%20%5bStarmusiq.xyz%5d.mp3
Kodai Mazhai,,http://9xmusiq.com/file/songs/Tamil%20Songs/2015%20Tamil%20Mp3/Kodai%20Mazhai%20(2015)/Katta%20Katta%20%5bStarmusiq.xyz%5d.mp3
Kodai Mazhai,,http://9xmusiq.com/file/songs/Tamil%20Songs/2015%20Tamil%20Mp3/Kodai%20Mazhai%20(2015)/Pattala%20Rasave%20%5bStarmusiq.xyz%5d.mp3
Kodai Mazhai,,http://9xmusiq.com/file/songs/Tamil%20Songs/2015%20Tamil%20Mp3/Kodai%20Mazhai%20(2015)/Pothi%20Vacha%20%5bStarmusiq.xyz%5d.mp3
Magudi,,http://9xmusiq.com/file/songs/Tamil%20Songs/2015%20Tamil%20Mp3/Magudi%20(2015)/Chinna%20Paya%20Vayasu%20%5bStarmusiq.xyz%5d.mp3
Magudi,,http://9xmusiq.com/file/songs/Tamil%20Songs/2015%20Tamil%20Mp3/Magudi%20(2015)/Oru%20Kaalathula%20%5bStarmusiq.xyz%5d.mp3
Magudi,,http://9xmusiq.com/file/songs/Tamil%20Songs/2015%20Tamil%20Mp3/Magudi%20(2015)/Nee%20Aatukkuty%20Naaan%20%5bStarmusiq.xyz%5d.mp3
Magudi,,http://9xmusiq.com/file/songs/Tamil%20Songs/2015%20Tamil%20Mp3/Magudi%20(2015)/Manikkuyilu%20Satham%20%5bStarmusiq.xyz%5d.mp3
Magudi,,http://9xmusiq.com/file/songs/Tamil%20Songs/2015%20Tamil%20Mp3/Magudi%20(2015)/Muthu%20Muthu%20%5bStarmusiq.xyz%5d.mp3
Vaa Deal,,http://9xmusiq.com/file/tamil/re_upload/Vaa_Deal_2015/Andharu_Andharu%20%5bStarMusiQ.La%5d.mp3
Vaa Deal,,http://9xmusiq.com/file/tamil/re_upload/Vaa_Deal_2015/Vaa_Deal%20%5bStarMusiQ.La%5d.mp3
Vaa Deal,,http://9xmusiq.com/file/tamil/re_upload/Vaa_Deal_2015/The_Deal_Theme%20%5bStarMusiQ.La%5d.mp3
Vaa Deal,,http://9xmusiq.com/file/tamil/re_upload/Vaa_Deal_2015/Sound_Of_Deal%20%5bStarMusiQ.La%5d.mp3
Vaa Deal,,http://9xmusiq.com/file/tamil/re_upload/Vaa_Deal_2015/Paesi_Paesi%20%5bStarMusiQ.La%5d.mp3
Uyire Uyire,,http://9xmusiq.com/file/songs/Tamil%20Songs/2015%20Tamil%20Mp3/Uyire%20Uyire%20(2015)/Azhage%20Azhage%20%5bStarmusiq.xyz%5d.mp3
Uyire Uyire,,http://9xmusiq.com/file/songs/Tamil%20Songs/2015%20Tamil%20Mp3/Uyire%20Uyire%20(2015)/Once%20Upon%20A%20Time%20%5bStarmusiq.xyz%5d.mp3
Uyire Uyire,,http://9xmusiq.com/file/songs/Tamil%20Songs/2015%20Tamil%20Mp3/Uyire%20Uyire%20(2015)/Oh%20Priya%20Priya%20%5bStarmusiq.xyz%5d.mp3
Uyire Uyire,,http://9xmusiq.com/file/songs/Tamil%20Songs/2015%20Tamil%20Mp3/Uyire%20Uyire%20(2015)/Devathai%20Parkiral%20%5bStarmusiq.xyz%5d.mp3
Uyire Uyire,,http://9xmusiq.com/file/songs/Tamil%20Songs/2015%20Tamil%20Mp3/Uyire%20Uyire%20(2015)/Listen%20To%20My%20Heart%20%5bStarmusiq.xyz%5d.mp3
Aaha Kalyanam,,http://9xmusiq.com/file/songs/Tamil%20Songs/2014%20Tamil%20Mp3/Aaha%20Kalyanam%20(2014)/Kadha%20Kadha%20%5bStarmusiq.xyz%5d.mp3
Aaha Kalyanam,,http://9xmusiq.com/file/songs/Tamil%20Songs/2014%20Tamil%20Mp3/Aaha%20Kalyanam%20(2014)/Mazhaiyil%20Saaralil%20%5bStarmusiq.xyz%5d.mp3
Aaha Kalyanam,,http://9xmusiq.com/file/songs/Tamil%20Songs/2014%20Tamil%20Mp3/Aaha%20Kalyanam%20(2014)/Thala%20Thala%20%5bStarmusiq.xyz%5d.mp3
Aaha Kalyanam,,http://9xmusiq.com/file/songs/Tamil%20Songs/2014%20Tamil%20Mp3/Aaha%20Kalyanam%20(2014)/Koottali%20Koottali%20%5bStarmusiq.xyz%5d.mp3
Aaha Kalyanam,,http://9xmusiq.com/file/songs/Tamil%20Songs/2014%20Tamil%20Mp3/Aaha%20Kalyanam%20(2014)/Doubleah%20Doubleah%20%5bStarmusiq.xyz%5d.mp3
Aaha Kalyanam,,http://9xmusiq.com/file/songs/Tamil%20Songs/2014%20Tamil%20Mp3/Aaha%20Kalyanam%20(2014)/Padhiye%20Padhiye%20II%20%5bStarmusiq.xyz%5d.mp3
Aaha Kalyanam,,http://9xmusiq.com/file/songs/Tamil%20Songs/2014%20Tamil%20Mp3/Aaha%20Kalyanam%20(2014)/Aaha%20Kalyanam%20%5bStarmusiq.xyz%5d.mp3
Aaha Kalyanam,,http://9xmusiq.com/file/songs/Tamil%20Songs/2014%20Tamil%20Mp3/Aaha%20Kalyanam%20(2014)/Honeyae%20Honeyae%20%5bStarmusiq.xyz%5d.mp3
Aaha Kalyanam,,http://9xmusiq.com/file/songs/Tamil%20Songs/2014%20Tamil%20Mp3/Aaha%20Kalyanam%20(2014)/Bon%20Bon%20%5bStarmusiq.xyz%5d.mp3
Aaha Kalyanam,,http://9xmusiq.com/file/songs/Tamil%20Songs/2014%20Tamil%20Mp3/Aaha%20Kalyanam%20(2014)/Padhiye%20Padhiye%20%5bStarmusiq.xyz%5d.mp3
Vindhai,,http://9xmusiq.com/file/tamil/re_upload/Vindhai_2015/Gamu_Gamu_Nee_Adiparu_(Karaoke)%20%5bStarMusiQ.La%5d.mp3
Vindhai,,http://9xmusiq.com/file/tamil/re_upload/Vindhai_2015/Gamemu_Gamu_Nee_Adiparu%20%5bStarMusiQ.La%5d.mp3
Vindhai,,http://9xmusiq.com/file/tamil/re_upload/Vindhai_2015/Yarival_Ennai_Aalum_(Karaoke)%20%5bStarMusiQ.La%5d.mp3
Vindhai,,http://9xmusiq.com/file/tamil/re_upload/Vindhai_2015/Kanavil_Oru_Oruvamea_(Karaoke)%20%5bStarMusiQ.La%5d.mp3
Vindhai,,http://9xmusiq.com/file/tamil/re_upload/Vindhai_2015/Kanavil_Oru_Uruvam%20%5bStarMusiQ.La%5d.mp3
Vindhai,,http://9xmusiq.com/file/tamil/re_upload/Vindhai_2015/Yarival_Ennai_Aalum%20%5bStarMusiQ.La%5d.mp3
Vai Raja Vai,,http://9xmusiq.com/file/songs/Tamil%20Songs/2014%20Tamil%20Mp3/Vai%20Raja%20Vai%20(2014)/Pookkamal%20%5bStarmusiq.xyz%5d.mp3
Vai Raja Vai,,http://9xmusiq.com/file/songs/Tamil%20Songs/2014%20Tamil%20Mp3/Vai%20Raja%20Vai%20(2014)/Naam%20Vazhndhidum%20%5bStarmusiq.xyz%5d.mp3
Vai Raja Vai,,http://9xmusiq.com/file/songs/Tamil%20Songs/2014%20Tamil%20Mp3/Vai%20Raja%20Vai%20(2014)/Move%20Your%20Body%20%5bStarmusiq.xyz%5d.mp3
Vai Raja Vai,,http://9xmusiq.com/file/songs/Tamil%20Songs/2014%20Tamil%20Mp3/Vai%20Raja%20Vai%20(2014)/Vandha%20Kadha%20%5bStarmusiq.xyz%5d.mp3
Vai Raja Vai,,http://9xmusiq.com/file/songs/Tamil%20Songs/2014%20Tamil%20Mp3/Vai%20Raja%20Vai%20(2014)/Pachai%20Vanna%20%5bStarmusiq.xyz%5d.mp3
Padai Veeran,,http://9xmusiq.com/file/songs2/tamil/Padai%20Veeran/Hkkumttada%20%5bStarmusiq.cc%5d.mp3
Padai Veeran,,http://9xmusiq.com/file/songs2/tamil/Padai%20Veeran/Mattikkiten%20%5bStarmusiq.cc%5d.mp3
Padai Veeran,,http://9xmusiq.com/file/songs2/tamil/Padai%20Veeran/Inaiye%20Inaiye%20%5bStarmusiq.cc%5d.mp3
Padai Veeran,,http://9xmusiq.com/file/songs2/tamil/Padai%20Veeran/Ithuvarai%20Naan%20(Female)%20%5bStarmusiq.cc%5d.mp3
Padai Veeran,,http://9xmusiq.com/file/songs2/tamil/Padai%20Veeran/Left%20Right%20%5bStarmusiq.cc%5d.mp3
Padai Veeran,,http://9xmusiq.com/file/songs2/tamil/Padai%20Veeran/Ithuvarai%20Naan%20(Male)%20%5bStarmusiq.cc%5d.mp3
Padai Veeran,,http://9xmusiq.com/file/songs2/tamil/Padai%20Veeran/Theera%20Nadhi%20%5bStarmusiq.cc%5d.mp3
Padai Veeran,,http://9xmusiq.com/file/songs2/tamil/Padai%20Veeran/Kombathi%20Komban%20%5bStarmusiq.cc%5d.mp3
Padai Veeran,,http://9xmusiq.com/file/songs2/tamil/Padai%20Veeran/Local%20Sarakka%20Foreign%20Sarakka%20[Starmusiq.info].mp3
Vaayai Moodi Pesavum,,http://9xmusiq.com/file/songs/Tamil%20Songs/2014%20Tamil%20Mp3/Vaayai%20Moodi%20Pesavum%20(2014)/Udaigiren%20Udaigiren%20%5bStarmusiq.xyz%5d.mp3
Vaayai Moodi Pesavum,,http://9xmusiq.com/file/songs/Tamil%20Songs/2014%20Tamil%20Mp3/Vaayai%20Moodi%20Pesavum%20(2014)/Shut%20Up%20Vaaya%20Moodu%20Pesadhe%20%5bStarmusiq.xyz%5d.mp3
Vaayai Moodi Pesavum,,http://9xmusiq.com/file/songs/Tamil%20Songs/2014%20Tamil%20Mp3/Vaayai%20Moodi%20Pesavum%20(2014)/Kadhal%20Ara%20Onnu%20%5bStarmusiq.xyz%5d.mp3
Vaayai Moodi Pesavum,,http://9xmusiq.com/file/songs/Tamil%20Songs/2014%20Tamil%20Mp3/Vaayai%20Moodi%20Pesavum%20(2014)/Matra%20Paravai%20%5bStarmusiq.xyz%5d.mp3
Vaayai Moodi Pesavum,,http://9xmusiq.com/file/songs/Tamil%20Songs/2014%20Tamil%20Mp3/Vaayai%20Moodi%20Pesavum%20(2014)/Mr.Fix%20(IT%20Theme)%20%5bStarmusiq.xyz%5d.mp3
Vaayai Moodi Pesavum,,http://9xmusiq.com/file/songs/Tamil%20Songs/2014%20Tamil%20Mp3/Vaayai%20Moodi%20Pesavum%20(2014)/Podhum%20Nee%20Ini%20%5bStarmusiq.xyz%5d.mp3
Vaayai Moodi Pesavum,,http://9xmusiq.com/file/songs/Tamil%20Songs/2014%20Tamil%20Mp3/Vaayai%20Moodi%20Pesavum%20(2014)/The%20Sound%20Of%20Silence%20%5bStarmusiq.xyz%5d.mp3
Vaayai Moodi Pesavum,,http://9xmusiq.com/file/songs/Tamil%20Songs/2014%20Tamil%20Mp3/Vaayai%20Moodi%20Pesavum%20(2014)/Beedhiya%20Kelappa%20(Jazz%20Theme)%20%5bStarmusiq.xyz%5d.mp3
Jigarthanda,,http://9xmusiq.com/file/songs/Tamil%20Songs/2014%20Tamil%20Mp3/Jigarthanda%20(2014)/Ba:%20%5bStarmusiq.xyz%5d.mp3
Jigarthanda,,http://9xmusiq.com/file/songs/Tamil%20Songs/2014%20Tamil%20Mp3/Jigarthanda%20(2014)/Thanda%20%5bStarmusiq.xyz%5d.mp3
Jigarthanda,,http://9xmusiq.com/file/songs/Tamil%20Songs/2014%20Tamil%20Mp3/Jigarthanda%20(2014)/Ding%20Dong%20%5bStarmusiq.xyz%5d.mp3
Jigarthanda,,http://9xmusiq.com/file/songs/Tamil%20Songs/2014%20Tamil%20Mp3/Jigarthanda%20(2014)/Jigar%20%5bStarmusiq.xyz%5d.mp3
Jigarthanda,,http://9xmusiq.com/file/songs/Tamil%20Songs/2014%20Tamil%20Mp3/Jigarthanda%20(2014)/Ottam%20%5bStarmusiq.xyz%5d.mp3
Jigarthanda,,http://9xmusiq.com/file/songs/Tamil%20Songs/2014%20Tamil%20Mp3/Jigarthanda%20(2014)/Pandi%20Nattu%20Kodi%20%5bStarmusiq.xyz%5d.mp3
Jigarthanda,,http://9xmusiq.com/file/songs/Tamil%20Songs/2014%20Tamil%20Mp3/Jigarthanda%20(2014)/Hoo%20Haa%20%5bStarmusiq.xyz%5d.mp3
Jigarthanda,,http://9xmusiq.com/file/songs/Tamil%20Songs/2014%20Tamil%20Mp3/Jigarthanda%20(2014)/Desaiyum%20Izhanthene%20%5bStarmusiq.xyz%5d.mp3
Jigarthanda,,http://9xmusiq.com/file/songs/Tamil%20Songs/2014%20Tamil%20Mp3/Jigarthanda%20(2014)/Kannamma%20%5bStarmusiq.xyz%5d.mp3
Vaalu,,http://9xmusiq.com/file/songs/Tamil%20Songs/2015%20Tamil%20Mp3/Vaalu%20(2015)/Hey%20Vasamoakka%20%5bStarmusiq.xyz%5d.mp3
Vaalu,,http://9xmusiq.com/file/songs/Tamil%20Songs/2015%20Tamil%20Mp3/Vaalu%20(2015)/Vaathiyaaru%20%5bStarmusiq.xyz%5d.mp3
Vaalu,,http://9xmusiq.com/file/songs/Tamil%20Songs/2015%20Tamil%20Mp3/Vaalu%20(2015)/Engathaan%20Porantha%20%5bStarmusiq.xyz%5d.mp3
Vaalu,,http://9xmusiq.com/file/songs/Tamil%20Songs/2015%20Tamil%20Mp3/Vaalu%20(2015)/Love%20Endravan%20%5bStarmusiq.xyz%5d.mp3
Vaalu,,http://9xmusiq.com/file/songs/Tamil%20Songs/2015%20Tamil%20Mp3/Vaalu%20(2015)/Inky%20Pinky%20%5bStarmusiq.xyz%5d.mp3
Viraivil Isai,,http://9xmusiq.com/file/tamil/re_upload/Viraivil_Isai_2015/Podu_Podu_(Karangalai)%20%5bStarMusiQ.La%5d.mp3
Viraivil Isai,,http://9xmusiq.com/file/tamil/re_upload/Viraivil_Isai_2015/Yeno_Ennule%20%5bStarMusiQ.La%5d.mp3
Viraivil Isai,,http://9xmusiq.com/file/tamil/re_upload/Viraivil_Isai_2015/Hey_Nanba%20%5bStarMusiQ.La%5d.mp3
Viraivil Isai,,http://9xmusiq.com/file/tamil/re_upload/Viraivil_Isai_2015/Ore_Naal%20%5bStarMusiQ.La%5d.mp3
Viraivil Isai,,http://9xmusiq.com/file/tamil/re_upload/Viraivil_Isai_2015/Theme_Music-Viraivil_Isai%20%5bStarMusiQ.La%5d.mp3
Viraivil Isai,,http://9xmusiq.com/file/tamil/re_upload/Viraivil_Isai_2015/Unnai_Kanda%20%5bStarMusiQ.La%5d.mp3
Viraivil Isai,,http://9xmusiq.com/file/tamil/re_upload/Viraivil_Isai_2015/Thappattam%20%5bStarMusiQ.La%5d.mp3
Viraivil Isai,,http://9xmusiq.com/file/tamil/re_upload/Viraivil_Isai_2015/Heart_Goes_(Kanavu)%20%5bStarMusiQ.La%5d.mp3
Vil Ambu,,http://9xmusiq.com/file/songs/Tamil%20Songs/2015%20Tamil%20Mp3/Vil%20Ambu%20(2015)/Aala%20Sachuputta%20Kannala%20%5bStarmusiq.xyz%5d.mp3
Vil Ambu,,http://9xmusiq.com/file/songs/Tamil%20Songs/2015%20Tamil%20Mp3/Vil%20Ambu%20(2015)/Neeyum%20Adi%20Naanum%20%5bStarmusiq.xyz%5d.mp3
Vil Ambu,,http://9xmusiq.com/file/songs/Tamil%20Songs/2015%20Tamil%20Mp3/Vil%20Ambu%20(2015)/Kurum%20Padame%20(II)%20%5bStarmusiq.xyz%5d.mp3
Vil Ambu,,http://9xmusiq.com/file/songs/Tamil%20Songs/2015%20Tamil%20Mp3/Vil%20Ambu%20(2015)/Kurum%20Padame%20(I)%20%5bStarmusiq.xyz%5d.mp3
Sathuranga Vettai 2,,http://9xmusiq.com/file/songs2/tamil/Sathuranga%20Vettai%202/Villain%20World%20%5bStarmusiq.info%5d.mp3
Dora,,http://9xmusiq.com/file/songs2/tamil/Dora/This%20Is%20It%20(Theme)%20%5bStarmusiq.cc%5d.mp3
Dora,,http://9xmusiq.com/file/songs2/tamil/Dora/Search%20For%20The%20Truth%20(Theme)%20%5bStarmusiq.cc%5d.mp3
Dora,,http://9xmusiq.com/file/songs2/tamil/Dora/Break%20Loose%20(Theme)%20%5bStarmusiq.cc%5d.mp3
Dora,,http://9xmusiq.com/file/songs2/tamil/Dora/Run%20Ba:%20Run%20(Theme)%20%5bStarmusiq.cc%5d.mp3
Dora,,http://9xmusiq.com/file/songs2/tamil/Dora/Engapora%20Dora%20%5bStarmusiq.cc%5d.mp3
Dora,,http://9xmusiq.com/file/songs2/tamil/Dora/Vaazhavudu%20%5bStarmusiq.cc%5d.mp3
Dora,,http://9xmusiq.com/file/songs2/tamil/Dora/The%20Evil%20Within%20(Theme)%20%5bStarmusiq.cc%5d.mp3
Dora,,http://9xmusiq.com/file/songs2/tamil/Dora/Ra%20Ra%20Ra%20%5bStarmusiq.cc%5d.mp3
Oru Kanniyum Moonu Kalavanigalum,,http://9xmusiq.com/file/songs/Tamil%20Songs/2014%20Tamil%20Mp3/Oru%20Kanniyum%20Moonu%20Kalavanigalum%20(2014)/Moonu%20Kodi%20%5bStarmusiq.xyz%5d.mp3
Oru Kanniyum Moonu Kalavanigalum,,http://9xmusiq.com/file/songs/Tamil%20Songs/2014%20Tamil%20Mp3/Oru%20Kanniyum%20Moonu%20Kalavanigalum%20(2014)/Theme%20Breeze%20(African)%20%5bStarmusiq.xyz%5d.mp3
Oru Kanniyum Moonu Kalavanigalum,,http://9xmusiq.com/file/songs/Tamil%20Songs/2014%20Tamil%20Mp3/Oru%20Kanniyum%20Moonu%20Kalavanigalum%20(2014)/Theme%20Storm%20(Indian)%20%5bStarmusiq.xyz%5d.mp3
Oru Kanniyum Moonu Kalavanigalum,,http://9xmusiq.com/file/songs/Tamil%20Songs/2014%20Tamil%20Mp3/Oru%20Kanniyum%20Moonu%20Kalavanigalum%20(2014)/Theme%20Thunder%20(Trance)%20%5bStarmusiq.xyz%5d.mp3
Oru Kanniyum Moonu Kalavanigalum,,http://9xmusiq.com/file/songs/Tamil%20Songs/2014%20Tamil%20Mp3/Oru%20Kanniyum%20Moonu%20Kalavanigalum%20(2014)/July%20Madham%20%5bStarmusiq.xyz%5d.mp3
Oru Kanniyum Moonu Kalavanigalum,,http://9xmusiq.com/file/songs/Tamil%20Songs/2014%20Tamil%20Mp3/Oru%20Kanniyum%20Moonu%20Kalavanigalum%20(2014)/Theme%20Marriage%20%5bStarmusiq.xyz%5d.mp3
Oru Kanniyum Moonu Kalavanigalum,,http://9xmusiq.com/file/songs/Tamil%20Songs/2014%20Tamil%20Mp3/Oru%20Kanniyum%20Moonu%20Kalavanigalum%20(2014)/Bachelor%20Enakke%20%5bStarmusiq.xyz%5d.mp3
Manja Pai,,http://9xmusiq.com/file/songs/Tamil%20Songs/2014%20Tamil%20Mp3/Manja%20Pai%20(2014)/Sattena%20%5bStarmusiq.xyz%5d.mp3
Manja Pai,,http://9xmusiq.com/file/songs/Tamil%20Songs/2014%20Tamil%20Mp3/Manja%20Pai%20(2014)/Pathu%20Pathu%20%5bStarmusiq.xyz%5d.mp3
Manja Pai,,http://9xmusiq.com/file/songs/Tamil%20Songs/2014%20Tamil%20Mp3/Manja%20Pai%20(2014)/Aagasa%20Nilavu%20%5bStarmusiq.xyz%5d.mp3
Manja Pai,,http://9xmusiq.com/file/songs/Tamil%20Songs/2014%20Tamil%20Mp3/Manja%20Pai%20(2014)/Ayyo%20Ayyo%20%5bStarmusiq.xyz%5d.mp3
Purampokku,,http://9xmusiq.com/file/tamil/re_upload/Purampokku_2015/Dhegam_Thakkum%20%5bStarMusiQ.La%5d.mp3
Purampokku,,http://9xmusiq.com/file/tamil/re_upload/Purampokku_2015/Ore_Oru_Murai%20%5bStarMusiQ.La%5d.mp3
Purampokku,,http://9xmusiq.com/file/tamil/re_upload/Purampokku_2015/Marina_Beachula%20%5bStarMusiQ.La%5d.mp3
Purampokku,,http://9xmusiq.com/file/tamil/re_upload/Purampokku_2015/Aaja_O_Re%20%5bStarMusiQ.La%5d.mp3
Purampokku,,http://9xmusiq.com/file/tamil/re_upload/Purampokku_2015/Kalaasi_Kalaasi%20%5bStarMusiQ.La%5d.mp3
Saalaiyoram,,http://9xmusiq.com/file/songs/Tamil%20Songs/2015%20Tamil%20Mp3/Saalaiyoram%20(2015)/Suththi%20Suththi%20Varuvom%20%5bStarmusiq.xyz%5d.mp3
Saalaiyoram,,http://9xmusiq.com/file/songs/Tamil%20Songs/2015%20Tamil%20Mp3/Saalaiyoram%20(2015)/Engaappan%20Thani%20Charectorr%20%5bStarmusiq.xyz%5d.mp3
Saalaiyoram,,http://9xmusiq.com/file/songs/Tamil%20Songs/2015%20Tamil%20Mp3/Saalaiyoram%20(2015)/Thottale%20Kallu%20Manasa%20%5bStarmusiq.xyz%5d.mp3
Saalaiyoram,,http://9xmusiq.com/file/songs/Tamil%20Songs/2015%20Tamil%20Mp3/Saalaiyoram%20(2015)/Hey%20Otopus%20%5bStarmusiq.xyz%5d.mp3
Saalaiyoram,,http://9xmusiq.com/file/songs/Tamil%20Songs/2015%20Tamil%20Mp3/Saalaiyoram%20(2015)/Manaso%20Mettu%20Katti%20Paada%20%5bStarmusiq.xyz%5d.mp3
Enga Kaattula Mazhai,2016,http://9xmusiq.com/file/songs/Tamil%20Songs/2016%20Tamil%20Mp3/Enga%20Kaattula%20Mazhai%20(2016)/Enga%20Kaattula%20Mazhai%20%5bStarmusiq.cc%5d.mp3
Enga Kaattula Mazhai,2016,http://9xmusiq.com/file/songs/Tamil%20Songs/2016%20Tamil%20Mp3/Enga%20Kaattula%20Mazhai%20(2016)/Or%20Mutham%20Enna%20Vilai%20%5bStarmusiq.cc%5d.mp3
Enga Kaattula Mazhai,2016,http://9xmusiq.com/file/songs/Tamil%20Songs/2016%20Tamil%20Mp3/Enga%20Kaattula%20Mazhai%20(2016)/Cokeku%20Pizzava%20%5bStarmusiq.cc%5d.mp3
Enga Kaattula Mazhai,2016,http://9xmusiq.com/file/songs/Tamil%20Songs/2016%20Tamil%20Mp3/Enga%20Kaattula%20Mazhai%20(2016)/Adada%20Kadhal%20Vanthathe%20%5bStarmusiq.cc%5d.mp3
Enga Kaattula Mazhai,2016,http://9xmusiq.com/file/songs/Tamil%20Songs/2016%20Tamil%20Mp3/Enga%20Kaattula%20Mazhai%20(2016)/Ava%20Oru%20Loosu%20%5bStarmusiq.cc%5d.mp3
Ramanujan,,http://9xmusiq.com/file/songs/Tamil%20Songs/2014%20Tamil%20Mp3/Ramanujan%20(2014)/One%20To%20Zero%20%5bStarmusiq.xyz%5d.mp3
Ramanujan,,http://9xmusiq.com/file/songs/Tamil%20Songs/2014%20Tamil%20Mp3/Ramanujan%20(2014)/Ramanujan%20Theme%20%5bStarmusiq.xyz%5d.mp3
Ramanujan,,http://9xmusiq.com/file/songs/Tamil%20Songs/2014%20Tamil%20Mp3/Ramanujan%20(2014)/Mystic%20Mind%20%5bStarmusiq.xyz%5d.mp3
Ramanujan,,http://9xmusiq.com/file/songs/Tamil%20Songs/2014%20Tamil%20Mp3/Ramanujan%20(2014)/English%20Notes%20%5bStarmusiq.xyz%5d.mp3
Ramanujan,,http://9xmusiq.com/file/songs/Tamil%20Songs/2014%20Tamil%20Mp3/Ramanujan%20(2014)/Thuli%20Thuliyai%20(I)%20%5bStarmusiq.xyz%5d.mp3
Ramanujan,,http://9xmusiq.com/file/songs/Tamil%20Songs/2014%20Tamil%20Mp3/Ramanujan%20(2014)/Vinkadantha%20%5bStarmusiq.xyz%5d.mp3
Ramanujan,,http://9xmusiq.com/file/songs/Tamil%20Songs/2014%20Tamil%20Mp3/Ramanujan%20(2014)/Thuli%20Thuliyai%20(II)%20%5bStarmusiq.xyz%5d.mp3
Ramanujan,,http://9xmusiq.com/file/songs/Tamil%20Songs/2014%20Tamil%20Mp3/Ramanujan%20(2014)/Narayana%20%5bStarmusiq.xyz%5d.mp3
Azhagiya Pandipuram,,http://9xmusiq.com/file/songs/Tamil%20Songs/2014%20Tamil%20Mp3/Azhagiya%20Pandipuram%20(2014)/Nenje%20Nenje%20%5bStarmusiq.xyz%5d.mp3
Azhagiya Pandipuram,,http://9xmusiq.com/file/songs/Tamil%20Songs/2014%20Tamil%20Mp3/Azhagiya%20Pandipuram%20(2014)/Pada%20Pada%20Pattasu%20%5bStarmusiq.xyz%5d.mp3
Azhagiya Pandipuram,,http://9xmusiq.com/file/songs/Tamil%20Songs/2014%20Tamil%20Mp3/Azhagiya%20Pandipuram%20(2014)/Kadavulidam%20%5bStarmusiq.xyz%5d.mp3
Azhagiya Pandipuram,,http://9xmusiq.com/file/songs/Tamil%20Songs/2014%20Tamil%20Mp3/Azhagiya%20Pandipuram%20(2014)/Kattazhagi%20Nanappa%20%5bStarmusiq.xyz%5d.mp3
Valladesam,2016,http://9xmusiq.com/file/songs/Tamil%20Songs/2016%20Tamil%20Mp3/Valladesam%20(2016)/Megam%20Kalaivathillai%20%5bStarmusiq.xyz%5d.mp3
Valladesam,2016,http://9xmusiq.com/file/songs/Tamil%20Songs/2016%20Tamil%20Mp3/Valladesam%20(2016)/Edho%20Edho%20Ennam%20%5bStarmusiq.xyz%5d.mp3
Valladesam,2016,http://9xmusiq.com/file/songs/Tamil%20Songs/2016%20Tamil%20Mp3/Valladesam%20(2016)/Theeyil%20Suttalum%20%5bStarmusiq.xyz%5d.mp3
Valladesam,2016,http://9xmusiq.com/file/songs/Tamil%20Songs/2016%20Tamil%20Mp3/Valladesam%20(2016)/Vaa%20Thanimayil%20%5bStarmusiq.xyz%5d.mp3
Valladesam,2016,http://9xmusiq.com/file/songs/Tamil%20Songs/2016%20Tamil%20Mp3/Valladesam%20(2016)/Manamae%20Manamae%20%5bStarmusiq.xyz%5d.mp3
Valladesam,2016,http://9xmusiq.com/file/songs/Tamil%20Songs/2016%20Tamil%20Mp3/Valladesam%20(2016)/Theyil%20Suttalum%20%5bStarmusiq.xyz%5d.mp3
Cuckoo,,http://9xmusiq.com/file/songs/Tamil%20Songs/2014%20Tamil%20Mp3/Cuckoo%20(2014)/Enda%20Mapla%20%5bStarmusiq.xyz%5d.mp3
Cuckoo,,http://9xmusiq.com/file/songs/Tamil%20Songs/2014%20Tamil%20Mp3/Cuckoo%20(2014)/Agasatha%20%5bStarmusiq.xyz%5d.mp3
Cuckoo,,http://9xmusiq.com/file/songs/Tamil%20Songs/2014%20Tamil%20Mp3/Cuckoo%20(2014)/Manasula%20Soora%20%5bStarmusiq.xyz%5d.mp3
Cuckoo,,http://9xmusiq.com/file/songs/Tamil%20Songs/2014%20Tamil%20Mp3/Cuckoo%20(2014)/Kodayila%20%5bStarmusiq.xyz%5d.mp3
Cuckoo,,http://9xmusiq.com/file/songs/Tamil%20Songs/2014%20Tamil%20Mp3/Cuckoo%20(2014)/Kalyanamam%20Kalyanam%20%5bStarmusiq.xyz%5d.mp3
Cuckoo,,http://9xmusiq.com/file/songs/Tamil%20Songs/2014%20Tamil%20Mp3/Cuckoo%20(2014)/Potta%20Pulla%20%5bStarmusiq.xyz%5d.mp3
Meow,2016,http://9xmusiq.com/file/songs/Tamil%20Songs/2016%20Tamil%20Mp3/Meow%20(2016)/Paavam%20Indha%20Poonai%20%5bStarmusiq.cc%5d.mp3
Meow,2016,http://9xmusiq.com/file/songs/Tamil%20Songs/2016%20Tamil%20Mp3/Meow%20(2016)/Bang%20Bang%20%5bStarmusiq.cc%5d.mp3
Meow,2016,http://9xmusiq.com/file/songs/Tamil%20Songs/2016%20Tamil%20Mp3/Meow%20(2016)/Paavam%20Indha%20Poonai%20(Karaoke)%20%5bStarmusiq.cc%5d.mp3
Meow,2016,http://9xmusiq.com/file/songs/Tamil%20Songs/2016%20Tamil%20Mp3/Meow%20(2016)/Oru%20Cute%20Little%20%5bStarmusiq.cc%5d.mp3
Meow,2016,http://9xmusiq.com/file/songs/Tamil%20Songs/2016%20Tamil%20Mp3/Meow%20(2016)/Inky%20Pinky%20%5bStarmusiq.cc%5d.mp3
Velaiyilla Pattathari,,http://9xmusiq.com/file/songs/Tamil%20Songs/2014%20Tamil%20Mp3/Velaiyilla%20Pattathari%20(2014)/Udhungada%20Sangu%20%5bStarmusiq.xyz%5d.mp3
Velaiyilla Pattathari,,http://9xmusiq.com/file/songs/Tamil%20Songs/2014%20Tamil%20Mp3/Velaiyilla%20Pattathari%20(2014)/Ey%20Inga%20Paaru%20%5bStarmusiq.xyz%5d.mp3
Velaiyilla Pattathari,,http://9xmusiq.com/file/songs/Tamil%20Songs/2014%20Tamil%20Mp3/Velaiyilla%20Pattathari%20(2014)/Smiling%20With%20The%20Pain%20(Theme)%20%5bStarmusiq.xyz%5d.mp3
Velaiyilla Pattathari,,http://9xmusiq.com/file/songs/Tamil%20Songs/2014%20Tamil%20Mp3/Velaiyilla%20Pattathari%20(2014)/Amma%20Amma%20%5bStarmusiq.xyz%5d.mp3
Velaiyilla Pattathari,,http://9xmusiq.com/file/songs/Tamil%20Songs/2014%20Tamil%20Mp3/Velaiyilla%20Pattathari%20(2014)/What%20a%20Karavaad%20%5bStarmusiq.xyz%5d.mp3
Velaiyilla Pattathari,,http://9xmusiq.com/file/songs/Tamil%20Songs/2014%20Tamil%20Mp3/Velaiyilla%20Pattathari%20(2014)/VIP%20(Title%20Song)%20%5bStarmusiq.xyz%5d.mp3
Velaiyilla Pattathari,,http://9xmusiq.com/file/songs/Tamil%20Songs/2014%20Tamil%20Mp3/Velaiyilla%20Pattathari%20(2014)/Po%20Indru%20Neeyaga%20%5bStarmusiq.xyz%5d.mp3
Velaiyilla Pattathari,,http://9xmusiq.com/file/songs/Tamil%20Songs/2014%20Tamil%20Mp3/Velaiyilla%20Pattathari%20(2014)/Sunrise%20(Theme)%20%5bStarmusiq.xyz%5d.mp3
Naalu Polisum Nalla Irundha Oorum,,http://9xmusiq.com/file/tamil/re_upload/Naalu_Polisum_Nalla_Irundha_Oorum_2015/Kadhal_Kani_Rasam%20%5bStarMusiQ.La%5d.mp3
Naalu Polisum Nalla Irundha Oorum,,http://9xmusiq.com/file/tamil/re_upload/Naalu_Polisum_Nalla_Irundha_Oorum_2015/Kadhal_Kani_Rasam_(Remix)%20%5bStarMusiQ.La%5d.mp3
Naalu Polisum Nalla Irundha Oorum,,http://9xmusiq.com/file/tamil/re_upload/Naalu_Polisum_Nalla_Irundha_Oorum_2015/Enna_Nadakadhu%20%5bStarMusiQ.La%5d.mp3
Kaaviya Thalaivan,,http://9xmusiq.com/file/songs/Tamil%20Songs/2014%20Tamil%20Mp3/Kaaviya%20Thalaivan%20(2014)/Alli%20Arjuna%20%5bStarmusiq.xyz%5d.mp3
Kaaviya Thalaivan,,http://9xmusiq.com/file/songs/Tamil%20Songs/2014%20Tamil%20Mp3/Kaaviya%20Thalaivan%20(2014)/Thiruppugazh%20%5bStarmusiq.xyz%5d.mp3
Kaaviya Thalaivan,,http://9xmusiq.com/file/songs/Tamil%20Songs/2014%20Tamil%20Mp3/Kaaviya%20Thalaivan%20(2014)/Sollividu%20Sollividu%20%5bStarmusiq.xyz%5d.mp3
Kaaviya Thalaivan,,http://9xmusiq.com/file/songs/Tamil%20Songs/2014%20Tamil%20Mp3/Kaaviya%20Thalaivan%20(2014)/Yaarumilla%20%5bStarmusiq.xyz%5d.mp3
Kaaviya Thalaivan,,http://9xmusiq.com/file/songs/Tamil%20Songs/2014%20Tamil%20Mp3/Kaaviya%20Thalaivan%20(2014)/Vaanga%20Makka%20Vaanga%20%5bStarmusiq.xyz%5d.mp3
Kaaviya Thalaivan,,http://9xmusiq.com/file/songs/Tamil%20Songs/2014%20Tamil%20Mp3/Kaaviya%20Thalaivan%20(2014)/Aye%20Mr.%20Minor%20%5bStarmusiq.xyz%5d.mp3
Kaaviya Thalaivan,,http://9xmusiq.com/file/songs/Tamil%20Songs/2014%20Tamil%20Mp3/Kaaviya%20Thalaivan%20(2014)/Sandi%20Kuthirai%20%5bStarmusiq.xyz%5d.mp3
Vaanavil Vaazhkai,,http://9xmusiq.com/file/tamil/re_upload/Vaanavil_Vaazhkai_2015/04_We_Are_Happy_This_Way%20%5bStarMusiQ.La%5d.mp3
Vaanavil Vaazhkai,,http://9xmusiq.com/file/tamil/re_upload/Vaanavil_Vaazhkai_2015/03_Supergirl%20%5bStarMusiQ.La%5d.mp3
Vaanavil Vaazhkai,,http://9xmusiq.com/file/tamil/re_upload/Vaanavil_Vaazhkai_2015/10_Culturals_Vandhirukkum%20%5bStarMusiQ.La%5d.mp3
Vaanavil Vaazhkai,,http://9xmusiq.com/file/tamil/re_upload/Vaanavil_Vaazhkai_2015/06_This_Is_Real_Love%20%5bStarMusiQ.La%5d.mp3
Vaanavil Vaazhkai,,http://9xmusiq.com/file/tamil/re_upload/Vaanavil_Vaazhkai_2015/17_Vaanavil_Vaazhkai%20%5bStarMusiQ.La%5d.mp3
Vaanavil Vaazhkai,,http://9xmusiq.com/file/tamil/re_upload/Vaanavil_Vaazhkai_2015/14_Please_Forgive_Me%20%5bStarMusiQ.La%5d.mp3
Vaanavil Vaazhkai,,http://9xmusiq.com/file/tamil/re_upload/Vaanavil_Vaazhkai_2015/16_Tamizh_Nadu_Engal_Veedu%20%5bStarMusiQ.La%5d.mp3
Vaanavil Vaazhkai,,http://9xmusiq.com/file/tamil/re_upload/Vaanavil_Vaazhkai_2015/12_Vaasanai%20%5bStarMusiQ.La%5d.mp3
Vaanavil Vaazhkai,,http://9xmusiq.com/file/tamil/re_upload/Vaanavil_Vaazhkai_2015/13_Vaazhndhidave_Vidu%20%5bStarMusiQ.La%5d.mp3
Vaanavil Vaazhkai,,http://9xmusiq.com/file/tamil/re_upload/Vaanavil_Vaazhkai_2015/05_Vazha_Pirandhaval%20%5bStarMusiQ.La%5d.mp3
Vaanavil Vaazhkai,,http://9xmusiq.com/file/tamil/re_upload/Vaanavil_Vaazhkai_2015/02_Music_Makes_Me_Happy%20%5bStarMusiQ.La%5d.mp3
Vaanavil Vaazhkai,,http://9xmusiq.com/file/tamil/re_upload/Vaanavil_Vaazhkai_2015/07_Boys_Dont_Cry%20%5bStarMusiQ.La%5d.mp3
Vaanavil Vaazhkai,,http://9xmusiq.com/file/tamil/re_upload/Vaanavil_Vaazhkai_2015/11_Senthamizh_Naadenum%20%5bStarMusiQ.La%5d.mp3
Vaanavil Vaazhkai,,http://9xmusiq.com/file/tamil/re_upload/Vaanavil_Vaazhkai_2015/08_God_Bless_Saturday%20%5bStarMusiQ.La%5d.mp3
Vaanavil Vaazhkai,,http://9xmusiq.com/file/tamil/re_upload/Vaanavil_Vaazhkai_2015/15_Tamizhukkum_Amudhendru_Per%20%5bStarMusiQ.La%5d.mp3
Vaanavil Vaazhkai,,http://9xmusiq.com/file/tamil/re_upload/Vaanavil_Vaazhkai_2015/01_Bye_To_School%20%5bStarMusiQ.La%5d.mp3
Vaanavil Vaazhkai,,http://9xmusiq.com/file/tamil/re_upload/Vaanavil_Vaazhkai_2015/09_Four_In_One%20%5bStarMusiQ.La%5d.mp3
Sooriyadal,,http://9xmusiq.com/file/songs/Tamil%20Songs/2014%20Tamil%20Mp3/Sooriyadal%20(2014)/Anpodu%20Mudivethaamma%20%5bStarmusiq.xyz%5d.mp3
Sooriyadal,,http://9xmusiq.com/file/songs/Tamil%20Songs/2014%20Tamil%20Mp3/Sooriyadal%20(2014)/Oru%20Minnal%20(Male%20Version)%20%5bStarmusiq.xyz%5d.mp3
Sooriyadal,,http://9xmusiq.com/file/songs/Tamil%20Songs/2014%20Tamil%20Mp3/Sooriyadal%20(2014)/Adiye%20%5bStarmusiq.xyz%5d.mp3
Sooriyadal,,http://9xmusiq.com/file/songs/Tamil%20Songs/2014%20Tamil%20Mp3/Sooriyadal%20(2014)/Oru%20Minnal%20(Female%20Version)%20%5bStarmusiq.xyz%5d.mp3
Sooriyadal,,http://9xmusiq.com/file/songs/Tamil%20Songs/2014%20Tamil%20Mp3/Sooriyadal%20(2014)/Gappa%20Kuppa%20(Version%202)%20%5bStarmusiq.xyz%5d.mp3
Sooriyadal,,http://9xmusiq.com/file/songs/Tamil%20Songs/2014%20Tamil%20Mp3/Sooriyadal%20(2014)/Gappa%20Kuppa%20(Version%201)%20%5bStarmusiq.xyz%5d.mp3
Pattaya Kelappanum Pandiya,,http://9xmusiq.com/file/songs/Tamil%20Songs/2014%20Tamil%20Mp3/Pattaya%20Kelappanum%20Pandiya%20(2014)/Love%20Theme%20(Yean%20Vizhundhai)%20%5bStarmusiq.xyz%5d.mp3
Pattaya Kelappanum Pandiya,,http://9xmusiq.com/file/songs/Tamil%20Songs/2014%20Tamil%20Mp3/Pattaya%20Kelappanum%20Pandiya%20(2014)/Seerivarum%20%5bStarmusiq.xyz%5d.mp3
Pattaya Kelappanum Pandiya,,http://9xmusiq.com/file/songs/Tamil%20Songs/2014%20Tamil%20Mp3/Pattaya%20Kelappanum%20Pandiya%20(2014)/Yean%20Vizhundhai%20%5bStarmusiq.xyz%5d.mp3
Pattaya Kelappanum Pandiya,,http://9xmusiq.com/file/songs/Tamil%20Songs/2014%20Tamil%20Mp3/Pattaya%20Kelappanum%20Pandiya%20(2014)/Natchu%20Natchu%20Pappa%20%5bStarmusiq.xyz%5d.mp3
Pattaya Kelappanum Pandiya,,http://9xmusiq.com/file/songs/Tamil%20Songs/2014%20Tamil%20Mp3/Pattaya%20Kelappanum%20Pandiya%20(2014)/Urula%20Urulakezhangu%20%5bStarmusiq.xyz%5d.mp3
Pattaya Kelappanum Pandiya,,http://9xmusiq.com/file/songs/Tamil%20Songs/2014%20Tamil%20Mp3/Pattaya%20Kelappanum%20Pandiya%20(2014)/Sollamale%20%5bStarmusiq.xyz%5d.mp3
Aavi Kumar,,http://9xmusiq.com/file/songs/Tamil%20Songs/2015%20Tamil%20Mp3/Aavi%20Kumar%20(2015)/Po%20Po%20Veliye%20Po%20%5bStarmusiq.xyz%5d.mp3
Aavi Kumar,,http://9xmusiq.com/file/songs/Tamil%20Songs/2015%20Tamil%20Mp3/Aavi%20Kumar%20(2015)/Idhayam%20Nagaruthe%20%5bStarmusiq.xyz%5d.mp3
Aavi Kumar,,http://9xmusiq.com/file/songs/Tamil%20Songs/2015%20Tamil%20Mp3/Aavi%20Kumar%20(2015)/Vaa%20Vaa%20Tamil%20Paiyaa%20%5bStarmusiq.xyz%5d.mp3
Aavi Kumar,,http://9xmusiq.com/file/songs/Tamil%20Songs/2015%20Tamil%20Mp3/Aavi%20Kumar%20(2015)/Vaa%20Vaa%20Uyire%20Vaa%20%5bStarmusiq.xyz%5d.mp3
Laali,,http://9xmusiq.com/file/songs2/tamil/Laali/Yelelelo%20Yelo%20%5bStarmusiq.info%5d.mp3
Laali,,http://9xmusiq.com/file/songs2/tamil/Laali/Udhattoram%20Machakkari%20%5bStarmusiq.info%5d.mp3
Laali,,http://9xmusiq.com/file/songs2/tamil/Laali/Koyila%20Kaattinen%20%5bStarmusiq.info%5d.mp3
Laali,,http://9xmusiq.com/file/songs2/tamil/Laali/Gokulathil%20Kannan%20%5bStarmusiq.info%5d.mp3
Laali,,http://9xmusiq.com/file/songs2/tamil/Laali/Un%20Mudhal%20Paarvaiyile%20%5bStarmusiq.info%5d.mp3
Masala Padam,,http://9xmusiq.com/file/songs/Tamil%20Songs/2015%20Tamil%20Mp3/Masala%20Padam%20(2015)/Abc%20Of%20Chennai%20%5bStarmusiq.xyz%5d.mp3
Masala Padam,,http://9xmusiq.com/file/songs/Tamil%20Songs/2015%20Tamil%20Mp3/Masala%20Padam%20(2015)/Evolution%20Of%20Cinema%20%5bStarmusiq.xyz%5d.mp3
Masala Padam,,http://9xmusiq.com/file/songs/Tamil%20Songs/2015%20Tamil%20Mp3/Masala%20Padam%20(2015)/Noor%20Aayiram%20%5bStarmusiq.xyz%5d.mp3
Masala Padam,,http://9xmusiq.com/file/songs/Tamil%20Songs/2015%20Tamil%20Mp3/Masala%20Padam%20(2015)/The%20Masala%20Song%20%5bStarmusiq.xyz%5d.mp3
Masala Padam,,http://9xmusiq.com/file/songs/Tamil%20Songs/2015%20Tamil%20Mp3/Masala%20Padam%20(2015)/Pena%20Munai%20Dhan%20%5bStarmusiq.xyz%5d.mp3
Kamara Kattu,,http://9xmusiq.com/file/tamil/re_upload/Kamara_Kattu_2015/Gethu_Poiyada%20%5bStarMusiQ.La%5d.mp3
Kamara Kattu,,http://9xmusiq.com/file/tamil/re_upload/Kamara_Kattu_2015/En_Kadhal%20%5bStarMusiQ.La%5d.mp3
Kamara Kattu,,http://9xmusiq.com/file/tamil/re_upload/Kamara_Kattu_2015/Unnai%20%5bStarMusiQ.La%5d.mp3
Kamara Kattu,,http://9xmusiq.com/file/tamil/re_upload/Kamara_Kattu_2015/Gethu_Poiyada_(Reprise)%20%5bStarMusiQ.La%5d.mp3
Kamara Kattu,,http://9xmusiq.com/file/tamil/re_upload/Kamara_Kattu_2015/Erumamattu_Payale%20%5bStarMusiQ.La%5d.mp3
Yatchan,,http://9xmusiq.com/file/songs/Tamil%20Songs/2015%20Tamil%20Mp3/Yatchan%20(2015)/Kaakka%20Ponnu%20%5bStarmusiq.xyz%5d.mp3
Yatchan,,http://9xmusiq.com/file/songs/Tamil%20Songs/2015%20Tamil%20Mp3/Yatchan%20(2015)/Konjalaai%20%5bStarmusiq.xyz%5d.mp3
Yatchan,,http://9xmusiq.com/file/songs/Tamil%20Songs/2015%20Tamil%20Mp3/Yatchan%20(2015)/Innum%20Enna%20%5bStarmusiq.xyz%5d.mp3
Yatchan,,http://9xmusiq.com/file/songs/Tamil%20Songs/2015%20Tamil%20Mp3/Yatchan%20(2015)/Parapapa%20Katti%20%5bStarmusiq.xyz%5d.mp3
Yatchan,,http://9xmusiq.com/file/songs/Tamil%20Songs/2015%20Tamil%20Mp3/Yatchan%20(2015)/Champion%20%5bStarmusiq.xyz%5d.mp3
Naanum Rowdydhaan,,http://9xmusiq.com/file/songs/Tamil%20Songs/2015%20Tamil%20Mp3/Naanum%20Rowdydhaan%20(2015)/Thangame%20%5bStarmusiq.xyz%5d.mp3
Naanum Rowdydhaan,,http://9xmusiq.com/file/songs/Tamil%20Songs/2015%20Tamil%20Mp3/Naanum%20Rowdydhaan%20(2015)/Kannana%20Kanne%20%5bStarmusiq.xyz%5d.mp3
Naanum Rowdydhaan,,http://9xmusiq.com/file/songs/Tamil%20Songs/2015%20Tamil%20Mp3/Naanum%20Rowdydhaan%20(2015)/Yennai%20Maatrum%20Kadhale%20%5bStarmusiq.xyz%5d.mp3
Naanum Rowdydhaan,,http://9xmusiq.com/file/songs/Tamil%20Songs/2015%20Tamil%20Mp3/Naanum%20Rowdydhaan%20(2015)/Neeyum%20Naanum%20%5bStarmusiq.xyz%5d.mp3
Naanum Rowdydhaan,,http://9xmusiq.com/file/songs/Tamil%20Songs/2015%20Tamil%20Mp3/Naanum%20Rowdydhaan%20(2015)/Naanum%20Rowdy%20Dhaan%20%5bStarmusiq.xyz%5d.mp3
Naanum Rowdydhaan,,http://9xmusiq.com/file/songs/Tamil%20Songs/2015%20Tamil%20Mp3/Naanum%20Rowdydhaan%20(2015)/Varava%20Varava%20%5bStarmusiq.xyz%5d.mp3
1 Pandhu 4 Run 1 Wicket,,http://9xmusiq.com/file/songs/Tamil%20Songs/2014%20Tamil%20Mp3/1%20Pandhu%204%20Run%201%20Wicket%20(2014)/Veesum%20Katril%20%5bStarmusiq.xyz%5d.mp3
1 Pandhu 4 Run 1 Wicket,,http://9xmusiq.com/file/songs/Tamil%20Songs/2014%20Tamil%20Mp3/1%20Pandhu%204%20Run%201%20Wicket%20(2014)/Parallum%20Pandi%20%5bStarmusiq.xyz%5d.mp3
1 Pandhu 4 Run 1 Wicket,,http://9xmusiq.com/file/songs/Tamil%20Songs/2014%20Tamil%20Mp3/1%20Pandhu%204%20Run%201%20Wicket%20(2014)/Kalgal%20Rendum%20%5bStarmusiq.xyz%5d.mp3
1 Pandhu 4 Run 1 Wicket,,http://9xmusiq.com/file/songs/Tamil%20Songs/2014%20Tamil%20Mp3/1%20Pandhu%204%20Run%201%20Wicket%20(2014)/Theme%20Music%20%5bStarmusiq.xyz%5d.mp3
1 Pandhu 4 Run 1 Wicket,,http://9xmusiq.com/file/songs/Tamil%20Songs/2014%20Tamil%20Mp3/1%20Pandhu%204%20Run%201%20Wicket%20(2014)/Un%20Tholil%20%5bStarmusiq.xyz%5d.mp3
1 Pandhu 4 Run 1 Wicket,,http://9xmusiq.com/file/songs/Tamil%20Songs/2014%20Tamil%20Mp3/1%20Pandhu%204%20Run%201%20Wicket%20(2014)/1%20Pandhu%204%20Run%201%20Wicket%20%5bStarmusiq.xyz%5d.mp3
Maanga,,http://9xmusiq.com/file/tamil/re_upload/Maanga_2015/Anjathey%20%5bStarMusiQ.La%5d.mp3
Maanga,,http://9xmusiq.com/file/tamil/re_upload/Maanga_2015/Sriranjini%20%5bStarMusiQ.La%5d.mp3
Maanga,,http://9xmusiq.com/file/tamil/re_upload/Maanga_2015/Kanne%20%5bStarMusiQ.La%5d.mp3
Maanga,,http://9xmusiq.com/file/tamil/re_upload/Maanga_2015/Genius_Maanga%20%5bStarMusiQ.La%5d.mp3
Maanga,,http://9xmusiq.com/file/tamil/re_upload/Maanga_2015/Appankitta%20%5bStarMusiQ.La%5d.mp3
Maanga,,http://9xmusiq.com/file/tamil/re_upload/Maanga_2015/Vedakozhi_(Adiyeah)%20%5bStarMusiQ.La%5d.mp3
Ettuthikkum Madhayaanai,,http://9xmusiq.com/file/songs/Tamil%20Songs/2014%20Tamil%20Mp3/Ettuthikkum%20Madhayaanai%20(2014)/Champak%20%5bStarmusiq.xyz%5d.mp3
Ettuthikkum Madhayaanai,,http://9xmusiq.com/file/songs/Tamil%20Songs/2014%20Tamil%20Mp3/Ettuthikkum%20Madhayaanai%20(2014)/Yengudhu%20Manasu%20(Female)%20%5bStarmusiq.xyz%5d.mp3
Ettuthikkum Madhayaanai,,http://9xmusiq.com/file/songs/Tamil%20Songs/2014%20Tamil%20Mp3/Ettuthikkum%20Madhayaanai%20(2014)/Asanthuputtene%20%5bStarmusiq.xyz%5d.mp3
Ettuthikkum Madhayaanai,,http://9xmusiq.com/file/songs/Tamil%20Songs/2014%20Tamil%20Mp3/Ettuthikkum%20Madhayaanai%20(2014)/Nellai%20Cheemayithu%20%5bStarmusiq.xyz%5d.mp3
Ettuthikkum Madhayaanai,,http://9xmusiq.com/file/songs/Tamil%20Songs/2014%20Tamil%20Mp3/Ettuthikkum%20Madhayaanai%20(2014)/Ettuthikkum%20Madhayaanai%20%5bStarmusiq.xyz%5d.mp3
Ettuthikkum Madhayaanai,,http://9xmusiq.com/file/songs/Tamil%20Songs/2014%20Tamil%20Mp3/Ettuthikkum%20Madhayaanai%20(2014)/Aalamaram%20%5bStarmusiq.xyz%5d.mp3
Ettuthikkum Madhayaanai,,http://9xmusiq.com/file/songs/Tamil%20Songs/2014%20Tamil%20Mp3/Ettuthikkum%20Madhayaanai%20(2014)/Pipi%20Pipi%20%5bStarmusiq.xyz%5d.mp3
Ettuthikkum Madhayaanai,,http://9xmusiq.com/file/songs/Tamil%20Songs/2014%20Tamil%20Mp3/Ettuthikkum%20Madhayaanai%20(2014)/Yengudhu%20Manasu%20(Male)%20%5bStarmusiq.xyz%5d.mp3
Ettuthikkum Madhayaanai,,http://9xmusiq.com/file/songs/Tamil%20Songs/2014%20Tamil%20Mp3/Ettuthikkum%20Madhayaanai%20(2014)/Kathiruppen%20%5bStarmusiq.xyz%5d.mp3
Ettuthikkum Madhayaanai,,http://9xmusiq.com/file/songs/Tamil%20Songs/2014%20Tamil%20Mp3/Ettuthikkum%20Madhayaanai%20(2014)/Vedikkudhu%20Vedikkudhu%20%5bStarmusiq.xyz%5d.mp3
Salim,,http://9xmusiq.com/file/songs/Tamil%20Songs/2014%20Tamil%20Mp3/Salim%20(2014)/Ulagam%20Unnai%20%5bStarmusiq.xyz%5d.mp3
Salim,,http://9xmusiq.com/file/songs/Tamil%20Songs/2014%20Tamil%20Mp3/Salim%20(2014)/Unnai%20Kanda%20Naal%20Mudhal%20%5bStarmusiq.xyz%5d.mp3
Salim,,http://9xmusiq.com/file/songs/Tamil%20Songs/2014%20Tamil%20Mp3/Salim%20(2014)/Avala%20Nambithan%20%5bStarmusiq.xyz%5d.mp3
Salim,,http://9xmusiq.com/file/songs/Tamil%20Songs/2014%20Tamil%20Mp3/Salim%20(2014)/Mascara%20Pottu%20%5bStarmusiq.xyz%5d.mp3
Salim,,http://9xmusiq.com/file/songs/Tamil%20Songs/2014%20Tamil%20Mp3/Salim%20(2014)/Prayer%20%5bStarmusiq.xyz%5d.mp3
Papanasam,,http://9xmusiq.com/file/songs/Tamil%20Songs/2015%20Tamil%20Mp3/Papanasam%20(2015)/Kill%20for%20Life%20%5bStarmusiq.xyz%5d.mp3
Papanasam,,http://9xmusiq.com/file/songs/Tamil%20Songs/2015%20Tamil%20Mp3/Papanasam%20(2015)/The%20Bond%20of%20Family%20%5bStarmusiq.xyz%5d.mp3
Papanasam,,http://9xmusiq.com/file/songs/Tamil%20Songs/2015%20Tamil%20Mp3/Papanasam%20(2015)/Yeya%20En%20Kottikkaaraa%20Karaoke%20%5bStarmusiq.xyz%5d.mp3
Papanasam,,http://9xmusiq.com/file/songs/Tamil%20Songs/2015%20Tamil%20Mp3/Papanasam%20(2015)/Vinaa%20Vinaa%20Karaoke%20%5bStarmusiq.xyz%5d.mp3
Papanasam,,http://9xmusiq.com/file/songs/Tamil%20Songs/2015%20Tamil%20Mp3/Papanasam%20(2015)/Yeya%20En%20Kottikkaaraa%20%5bStarmusiq.xyz%5d.mp3
Papanasam,,http://9xmusiq.com/file/songs/Tamil%20Songs/2015%20Tamil%20Mp3/Papanasam%20(2015)/This%20is%20Me-Suyambulingam%20%5bStarmusiq.xyz%5d.mp3
Papanasam,,http://9xmusiq.com/file/songs/Tamil%20Songs/2015%20Tamil%20Mp3/Papanasam%20(2015)/Vinaa%20Vinaa%20%5bStarmusiq.xyz%5d.mp3
Papanasam,,http://9xmusiq.com/file/songs/Tamil%20Songs/2015%20Tamil%20Mp3/Papanasam%20(2015)/Papanasam%20Theme%20%5bStarmusiq.xyz%5d.mp3
Papanasam,,http://9xmusiq.com/file/songs/Tamil%20Songs/2015%20Tamil%20Mp3/Papanasam%20(2015)/A%20Sinking%20Car%20%5bStarmusiq.xyz%5d.mp3
Papanasam,,http://9xmusiq.com/file/songs/Tamil%20Songs/2015%20Tamil%20Mp3/Papanasam%20(2015)/The%20Police%20Investigation%20%5bStarmusiq.xyz%5d.mp3
Soan Papdi,,http://9xmusiq.com/file/songs/Tamil%20Songs/2014%20Tamil%20Mp3/Soan%20Papdi%20(2014)/I%20Am%20Very%20Sorry%20%5bStarmusiq.xyz%5d.mp3
Soan Papdi,,http://9xmusiq.com/file/songs/Tamil%20Songs/2014%20Tamil%20Mp3/Soan%20Papdi%20(2014)/Hey%20Chocolates%20%5bStarmusiq.xyz%5d.mp3
Soan Papdi,,http://9xmusiq.com/file/songs/Tamil%20Songs/2014%20Tamil%20Mp3/Soan%20Papdi%20(2014)/Soan%20Papdi%20%5bStarmusiq.xyz%5d.mp3
Vanavarayan Vallavarayan,,http://9xmusiq.com/file/songs/Tamil%20Songs/2014%20Tamil%20Mp3/Vanavarayan%20Vallavarayan%20(2014)/Manasu%20Enge%20%5bStarmusiq.xyz%5d.mp3
Vanavarayan Vallavarayan,,http://9xmusiq.com/file/songs/Tamil%20Songs/2014%20Tamil%20Mp3/Vanavarayan%20Vallavarayan%20(2014)/Thakkalikku%20Thavaniye%20%5bStarmusiq.xyz%5d.mp3
Vanavarayan Vallavarayan,,http://9xmusiq.com/file/songs/Tamil%20Songs/2014%20Tamil%20Mp3/Vanavarayan%20Vallavarayan%20(2014)/Tharamele%20Irundhena%20%5bStarmusiq.xyz%5d.mp3
Vanavarayan Vallavarayan,,http://9xmusiq.com/file/songs/Tamil%20Songs/2014%20Tamil%20Mp3/Vanavarayan%20Vallavarayan%20(2014)/Kongunattu%20Thendralukku%20%5bStarmusiq.xyz%5d.mp3
Vanavarayan Vallavarayan,,http://9xmusiq.com/file/songs/Tamil%20Songs/2014%20Tamil%20Mp3/Vanavarayan%20Vallavarayan%20(2014)/Vangamma%20Vangappa%20%5bStarmusiq.xyz%5d.mp3
Vanavarayan Vallavarayan,,http://9xmusiq.com/file/songs/Tamil%20Songs/2014%20Tamil%20Mp3/Vanavarayan%20Vallavarayan%20(2014)/Viduda%20Ponnungale%20Venam%20%5bStarmusiq.xyz%5d.mp3
Enna Pidichirukka,,http://9xmusiq.com/file/songs/Tamil%20Songs/2014%20Tamil%20Mp3/Enna%20Pidichirukka%20(2014)/Engeyo%20Engeyo%20%5bStarmusiq.xyz%5d.mp3
Enna Pidichirukka,,http://9xmusiq.com/file/songs/Tamil%20Songs/2014%20Tamil%20Mp3/Enna%20Pidichirukka%20(2014)/Pookkal%20Poopadhai%20%5bStarmusiq.xyz%5d.mp3
Enna Pidichirukka,,http://9xmusiq.com/file/songs/Tamil%20Songs/2014%20Tamil%20Mp3/Enna%20Pidichirukka%20(2014)/Paalai%20Manmele%20%5bStarmusiq.xyz%5d.mp3
Enna Pidichirukka,,http://9xmusiq.com/file/songs/Tamil%20Songs/2014%20Tamil%20Mp3/Enna%20Pidichirukka%20(2014)/Neeyoru%20Paarvai%20%5bStarmusiq.xyz%5d.mp3
Enna Pidichirukka,,http://9xmusiq.com/file/songs/Tamil%20Songs/2014%20Tamil%20Mp3/Enna%20Pidichirukka%20(2014)/Naan%20Oru%20Ratchasa%20%5bStarmusiq.xyz%5d.mp3
Enna Pidichirukka,,http://9xmusiq.com/file/songs/Tamil%20Songs/2014%20Tamil%20Mp3/Enna%20Pidichirukka%20(2014)/Va%20Thalaiva%20%5bStarmusiq.xyz%5d.mp3
Azhagu Kutti Chellam,,http://9xmusiq.com/file/songs/Tamil%20Songs/2015%20Tamil%20Mp3/Azhagu%20Kutti%20Chellam%20(2015)/Azhagu%20Kutty%20Chellam%20%5bStarmusiq.xyz%5d.mp3
Azhagu Kutti Chellam,,http://9xmusiq.com/file/songs/Tamil%20Songs/2015%20Tamil%20Mp3/Azhagu%20Kutti%20Chellam%20(2015)/Boom%20Shikalaka%20Boom%20%5bStarmusiq.xyz%5d.mp3
Azhagu Kutti Chellam,,http://9xmusiq.com/file/songs/Tamil%20Songs/2015%20Tamil%20Mp3/Azhagu%20Kutti%20Chellam%20(2015)/Azhagu%20Kutty%20Chellam%20(Reprise%20Karaoke)%20%5bStarmusiq.xyz%5d.mp3
Azhagu Kutti Chellam,,http://9xmusiq.com/file/songs/Tamil%20Songs/2015%20Tamil%20Mp3/Azhagu%20Kutti%20Chellam%20(2015)/Azhagu%20Kutty%20Chellam%20(Reprise)%20%5bStarmusiq.xyz%5d.mp3
Azhagu Kutti Chellam,,http://9xmusiq.com/file/songs/Tamil%20Songs/2015%20Tamil%20Mp3/Azhagu%20Kutti%20Chellam%20(2015)/Kadhal%20Oru%20Sathurangam%20%5bStarmusiq.xyz%5d.mp3
Azhagu Kutti Chellam,,http://9xmusiq.com/file/songs/Tamil%20Songs/2015%20Tamil%20Mp3/Azhagu%20Kutti%20Chellam%20(2015)/Thiruvasagam%20%5bStarmusiq.xyz%5d.mp3
Azhagu Kutti Chellam,,http://9xmusiq.com/file/songs/Tamil%20Songs/2015%20Tamil%20Mp3/Azhagu%20Kutti%20Chellam%20(2015)/Azhagu%20Kutty%20Chellam%20(Karaoke)%20%5bStarmusiq.xyz%5d.mp3
6 Athiyayam,,http://9xmusiq.com/file/songs2/tamil/6%20Athiyayam/Run%20For%20Your%20Life%20%5bStarmusiq.Info%5d.mp3
Kanchana 2,,http://9xmusiq.com/file/songs/Tamil%20Songs/2015%20Tamil%20Mp3/Kanchana%202%20(2015)/Motta%20Paiya%20%5bStarmusiq.xyz%5d.mp3
Kanchana 2,,http://9xmusiq.com/file/songs/Tamil%20Songs/2015%20Tamil%20Mp3/Kanchana%202%20(2015)/Moda%20Moda%20%5bStarmusiq.xyz%5d.mp3
Kanchana 2,,http://9xmusiq.com/file/songs/Tamil%20Songs/2015%20Tamil%20Mp3/Kanchana%202%20(2015)/Sandi%20Muni%20%5bStarmusiq.xyz%5d.mp3
Kanchana 2,,http://9xmusiq.com/file/songs/Tamil%20Songs/2015%20Tamil%20Mp3/Kanchana%202%20(2015)/Vaaya%20En%20Veera%20%5bStarmusiq.xyz%5d.mp3
Kanchana 2,,http://9xmusiq.com/file/songs/Tamil%20Songs/2015%20Tamil%20Mp3/Kanchana%202%20(2015)/Sillatta%20Pillatta%20%5bStarmusiq.xyz%5d.mp3
Thottal Thodarum,,http://9xmusiq.com/file/songs/Tamil%20Songs/2014%20Tamil%20Mp3/Thottal%20Thodarum%20(2014)/Bossu%20Bossu%20%5bStarmusiq.xyz%5d.mp3
Thottal Thodarum,,http://9xmusiq.com/file/songs/Tamil%20Songs/2014%20Tamil%20Mp3/Thottal%20Thodarum%20(2014)/Bossu%20Bossu%20(Karaoke)%20%5bStarmusiq.xyz%5d.mp3
Thottal Thodarum,,http://9xmusiq.com/file/songs/Tamil%20Songs/2014%20Tamil%20Mp3/Thottal%20Thodarum%20(2014)/Kiss%20Of%20The%20Dragon%20%5bStarmusiq.xyz%5d.mp3
Thottal Thodarum,,http://9xmusiq.com/file/songs/Tamil%20Songs/2014%20Tamil%20Mp3/Thottal%20Thodarum%20(2014)/Yaaruda%20Machan%20%5bStarmusiq.xyz%5d.mp3
Thottal Thodarum,,http://9xmusiq.com/file/songs/Tamil%20Songs/2014%20Tamil%20Mp3/Thottal%20Thodarum%20(2014)/Poo%20Pola%20Poo%20Pola%20%5bStarmusiq.xyz%5d.mp3
Thottal Thodarum,,http://9xmusiq.com/file/songs/Tamil%20Songs/2014%20Tamil%20Mp3/Thottal%20Thodarum%20(2014)/Kiss%20Of%20The%20Fate%20%5bStarmusiq.xyz%5d.mp3
Thottal Thodarum,,http://9xmusiq.com/file/songs/Tamil%20Songs/2014%20Tamil%20Mp3/Thottal%20Thodarum%20(2014)/Penne%20Penne%20%5bStarmusiq.xyz%5d.mp3
Thottal Thodarum,,http://9xmusiq.com/file/songs/Tamil%20Songs/2014%20Tamil%20Mp3/Thottal%20Thodarum%20(2014)/Penne%20Penne%20(Karaoke)%20%5bStarmusiq.xyz%5d.mp3
36 Vayadhinile,,http://9xmusiq.com/file/tamil/re_upload/36_Vayadhinile_2015/Rasathi%20%5bStarMusiQ.La%5d.mp3
36 Vayadhinile,,http://9xmusiq.com/file/tamil/re_upload/36_Vayadhinile_2015/Kanavugal_Sumandhu%20%5bStarMusiQ.La%5d.mp3
36 Vayadhinile,,http://9xmusiq.com/file/tamil/re_upload/36_Vayadhinile_2015/Kannadi%20%5bStarMusiQ.La%5d.mp3
36 Vayadhinile,,http://9xmusiq.com/file/tamil/re_upload/36_Vayadhinile_2015/Vidiyal_Thedi%20%5bStarMusiQ.La%5d.mp3
36 Vayadhinile,,http://9xmusiq.com/file/tamil/re_upload/36_Vayadhinile_2015/Kanneer_Mozhi%20%5bStarMusiQ.La%5d.mp3
36 Vayadhinile,,http://9xmusiq.com/file/tamil/re_upload/36_Vayadhinile_2015/President%20%5bStarMusiQ.La%5d.mp3
36 Vayadhinile,,http://9xmusiq.com/file/tamil/re_upload/36_Vayadhinile_2015/Happy%20%5bStarMusiQ.La%5d.mp3
36 Vayadhinile,,http://9xmusiq.com/file/tamil/re_upload/36_Vayadhinile_2015/Rasathi_(Karaoke)%20%5bStarMusiQ.La%5d.mp3
36 Vayadhinile,,http://9xmusiq.com/file/tamil/re_upload/36_Vayadhinile_2015/Pogiren%20%5bStarMusiQ.La%5d.mp3
36 Vayadhinile,,http://9xmusiq.com/file/tamil/re_upload/36_Vayadhinile_2015/Happy_(Karaoke)%20%5bStarMusiQ.La%5d.mp3
36 Vayadhinile,,http://9xmusiq.com/file/tamil/re_upload/36_Vayadhinile_2015/Pogiren_(Karaoke)%20%5bStarMusiQ.La%5d.mp3
Vaaliba Raja,,http://9xmusiq.com/file/songs/Tamil%20Songs/2014%20Tamil%20Mp3/Vaaliba%20Raja%20(2014)/Va%20Madhi%20Vadhana%20%5bStarmusiq.xyz%5d.mp3
Vaaliba Raja,,http://9xmusiq.com/file/songs/Tamil%20Songs/2014%20Tamil%20Mp3/Vaaliba%20Raja%20(2014)/Ennamo%20Pannura%20%5bStarmusiq.xyz%5d.mp3
Vaaliba Raja,,http://9xmusiq.com/file/songs/Tamil%20Songs/2014%20Tamil%20Mp3/Vaaliba%20Raja%20(2014)/Nadu%20Kadalula%20%5bStarmusiq.xyz%5d.mp3
Vaaliba Raja,,http://9xmusiq.com/file/songs/Tamil%20Songs/2014%20Tamil%20Mp3/Vaaliba%20Raja%20(2014)/Oru%20Naal%20Oru%20Naal%20%5bStarmusiq.xyz%5d.mp3
Vaaliba Raja,,http://9xmusiq.com/file/songs/Tamil%20Songs/2014%20Tamil%20Mp3/Vaaliba%20Raja%20(2014)/Ice%20Cream%20Penne%20(Remix)%20%5bStarmusiq.xyz%5d.mp3
Naan Sigappu Manithan,,http://9xmusiq.com/file/songs/Tamil%20Songs/2014%20Tamil%20Mp3/Naan%20Sigappu%20Manithan%20(2014)/A%20Restless%20Soul%20%5bStarmusiq.xyz%5d.mp3
Naan Sigappu Manithan,,http://9xmusiq.com/file/songs/Tamil%20Songs/2014%20Tamil%20Mp3/Naan%20Sigappu%20Manithan%20(2014)/Yelelo%20%5bStarmusiq.xyz%5d.mp3
Naan Sigappu Manithan,,http://9xmusiq.com/file/songs/Tamil%20Songs/2014%20Tamil%20Mp3/Naan%20Sigappu%20Manithan%20(2014)/Penne%20Oh%20Penne%20%5bStarmusiq.xyz%5d.mp3
Naan Sigappu Manithan,,http://9xmusiq.com/file/songs/Tamil%20Songs/2014%20Tamil%20Mp3/Naan%20Sigappu%20Manithan%20(2014)/Aadu%20Machi%20(Club%20Mix)%20%5bStarmusiq.xyz%5d.mp3
Naan Sigappu Manithan,,http://9xmusiq.com/file/songs/Tamil%20Songs/2014%20Tamil%20Mp3/Naan%20Sigappu%20Manithan%20(2014)/Aadu%20Machi%20%5bStarmusiq.xyz%5d.mp3
Naan Sigappu Manithan,,http://9xmusiq.com/file/songs/Tamil%20Songs/2014%20Tamil%20Mp3/Naan%20Sigappu%20Manithan%20(2014)/Idhayam%20Unnai%20%5bStarmusiq.xyz%5d.mp3
8 Thottakkal,,http://9xmusiq.com/file/songs2/tamil/8%20Thottakkal/Anthi%20Saayura%20Neram%20%5bStarmusiq.cc%5d.mp3
8 Thottakkal,,http://9xmusiq.com/file/songs2/tamil/8%20Thottakkal/Ithu%20Pol%20%5bStarmusiq.cc%5d.mp3
8 Thottakkal,,http://9xmusiq.com/file/songs2/tamil/8%20Thottakkal/Nee%20Illai%20Endraal%20%5bStarmusiq.cc%5d.mp3
Vaaimai,,http://9xmusiq.com/file/songs/Tamil%20Songs/2014%20Tamil%20Mp3/Vaaimai%20(2014)/Hey%20Nadu%20%5bStarmusiq.xyz%5d.mp3
Vaaimai,,http://9xmusiq.com/file/songs/Tamil%20Songs/2014%20Tamil%20Mp3/Vaaimai%20(2014)/Boomiye%20Samiye%20%5bStarmusiq.xyz%5d.mp3
Vaaimai,,http://9xmusiq.com/file/songs/Tamil%20Songs/2014%20Tamil%20Mp3/Vaaimai%20(2014)/Matta%20%5bStarmusiq.xyz%5d.mp3
Vaaimai,,http://9xmusiq.com/file/songs/Tamil%20Songs/2014%20Tamil%20Mp3/Vaaimai%20(2014)/Vaimaiye%20Vellum%20%5bStarmusiq.xyz%5d.mp3
Vaaimai,,http://9xmusiq.com/file/songs/Tamil%20Songs/2014%20Tamil%20Mp3/Vaaimai%20(2014)/Kanpadum%20Un%20Mugam%20%5bStarmusiq.xyz%5d.mp3
Thangamagan,,http://9xmusiq.com/file/songs/Tamil%20Songs/2015%20Tamil%20Mp3/Thangamagan%20(2015)/Enna%20Solla%20%20%5bStarmusiq.xyz%5d.mp3
Thangamagan,,http://9xmusiq.com/file/songs/Tamil%20Songs/2015%20Tamil%20Mp3/Thangamagan%20(2015)/Jodi%20Nilave%20%5bStarmusiq.xyz%5d.mp3
Thangamagan,,http://9xmusiq.com/file/songs/Tamil%20Songs/2015%20Tamil%20Mp3/Thangamagan%20(2015)/Oh%20Oh%20(Uyire%20Uyirin)%20%5bStarmusiq.xyz%5d.mp3
Thangamagan,,http://9xmusiq.com/file/songs/Tamil%20Songs/2015%20Tamil%20Mp3/Thangamagan%20(2015)/Tak%20Bak%20(Nee%20Takkunu%20Paatha)%20%5bStarmusiq.xyz%5d.mp3
Csk,,http://9xmusiq.com/file/tamil/re_upload/CSK_2015/Gana_Gana%20%5bStarMusiQ.La%5d.mp3
Csk,,http://9xmusiq.com/file/tamil/re_upload/CSK_2015/Unthan_Mugam_(Duet)%20%5bStarMusiQ.La%5d.mp3
Csk,,http://9xmusiq.com/file/tamil/re_upload/CSK_2015/Ennoda_Kanji%20%5bStarMusiQ.La%5d.mp3
Csk,,http://9xmusiq.com/file/tamil/re_upload/CSK_2015/Chinna_Vayasula%20%5bStarMusiQ.La%5d.mp3
Csk,,http://9xmusiq.com/file/tamil/re_upload/CSK_2015/Undhan_Mugam%20%5bStarMusiQ.La%5d.mp3
Csk,,http://9xmusiq.com/file/tamil/re_upload/CSK_2015/Mazhai_Saaral%20%5bStarMusiQ.La%5d.mp3
Pudhusa Naan Poranthen,2016,http://9xmusiq.com/file/songs/Tamil%20Songs/2016%20Tamil%20Mp3/Pudhusa%20Naan%20Poranthen%20(2016)/Yar%20Ival%20%5bStarmusiq.xyz%5d.mp3
Pudhusa Naan Poranthen,2016,http://9xmusiq.com/file/songs/Tamil%20Songs/2016%20Tamil%20Mp3/Pudhusa%20Naan%20Poranthen%20(2016)/Yar%20Ivan%20%5bStarmusiq.xyz%5d.mp3
Pudhusa Naan Poranthen,2016,http://9xmusiq.com/file/songs/Tamil%20Songs/2016%20Tamil%20Mp3/Pudhusa%20Naan%20Poranthen%20(2016)/Pudhusa%20Naan%20Poranthen%20%5bStarmusiq.xyz%5d.mp3
Pudhusa Naan Poranthen,2016,http://9xmusiq.com/file/songs/Tamil%20Songs/2016%20Tamil%20Mp3/Pudhusa%20Naan%20Poranthen%20(2016)/Mukka%20Mozha%20Poovu%20%5bStarmusiq.xyz%5d.mp3
Uttama Villain,,http://9xmusiq.com/file/tamil/re_upload/Uttama_Villain/Letter_from_&_to_Yamini_(Instrumental)%20%5bStarMusiQ.La%5d.mp3
Uttama Villain,,http://9xmusiq.com/file/tamil/re_upload/Uttama_Villain/Saagaavaram_(Karaoke_Version)%20%5bStarMusiQ.La%5d.mp3
Uttama Villain,,http://9xmusiq.com/file/tamil/re_upload/Uttama_Villain/Father_&_Son_(Instrumental)%20%5bStarMusiQ.La%5d.mp3
Uttama Villain,,http://9xmusiq.com/file/tamil/re_upload/Uttama_Villain/Kadhalaam_Kadavul_Mun_(Karaoke_Version)-%20%5bStarMusiQ.La%5d.mp3
Uttama Villain,,http://9xmusiq.com/file/tamil/re_upload/Uttama_Villain/Iraniyan_Naadagam%20%5bStarMusiQ.La%5d.mp3
Uttama Villain,,http://9xmusiq.com/file/tamil/re_upload/Uttama_Villain/Father_&_Daughter_(Instrumental%20%5bStarMusiQ.La%5d.mp3
Uttama Villain,,http://9xmusiq.com/file/tamil/re_upload/Uttama_Villain/Dr._Arpana_(Instrumental)%20%5bStarMusiQ.La%5d.mp3
Uttama Villain,,http://9xmusiq.com/file/tamil/re_upload/Uttama_Villain/Saagaavaram%20%5bStarMusiQ.La%5d.mp3
Uttama Villain,,http://9xmusiq.com/file/tamil/re_upload/Uttama_Villain/Uttaman_Kadhai%20%5bStarMusiQ.La%5d.mp3
Uttama Villain,,http://9xmusiq.com/file/tamil/re_upload/Uttama_Villain/Mutharasan_Kadhai%20%5bStarMusiQ.La%5d.mp3
Uttama Villain,,http://9xmusiq.com/file/tamil/re_upload/Uttama_Villain/Uttaman_Introduction%20%5bStarMusiQ.La%5d.mp3
Uttama Villain,,http://9xmusiq.com/file/tamil/re_upload/Uttama_Villain/Iraniyan_Naadagam_(Karaoke_Version)%20%5bStarMusiQ.La%5d.mp3
Uttama Villain,,http://9xmusiq.com/file/tamil/re_upload/Uttama_Villain/Guru_&_Sishya_(Instrumental_Version)%20%5bStarMusiQ.La%5d.mp3
Uttama Villain,,http://9xmusiq.com/file/tamil/re_upload/Uttama_Villain/Uttaman_&_Karpagavalli_(Instrumental)%20%5bStarMusiQ.La%5d.mp3
Uttama Villain,,http://9xmusiq.com/file/tamil/re_upload/Uttama_Villain/Kadhalaam_Kadavul_Mun%20%5bStarMusiQ.La%5d.mp3
Uttama Villain,,http://9xmusiq.com/file/tamil/re_upload/Uttama_Villain/Loveaa_Loveaa%20%5bStarMusiQ.La%5d.mp3
Uttama Villain,,http://9xmusiq.com/file/tamil/re_upload/Uttama_Villain/Uttama_Villain_Theme_(Instrumental_Version)%20%5bStarMusiQ.La%5d.mp3
Trisha Illana Nayanthara,,http://9xmusiq.com/file/songs/Tamil%20Songs/2015%20Tamil%20Mp3/Trisha%20Illana%20Nayanthara%20%20(2015)/Yennachu%20Yedhachu%20%5bStarmusiq.xyz%5d.mp3
Trisha Illana Nayanthara,,http://9xmusiq.com/file/songs/Tamil%20Songs/2015%20Tamil%20Mp3/Trisha%20Illana%20Nayanthara%20%20(2015)/Dakalti-StarMusiQ.Com.mp3
Trisha Illana Nayanthara,,http://9xmusiq.com/file/songs/Tamil%20Songs/2015%20Tamil%20Mp3/Trisha%20Illana%20Nayanthara%20%20(2015)/Bittu%20Padam%20Di%20%5bStarmusiq.xyz%5d.mp3
Trisha Illana Nayanthara,,http://9xmusiq.com/file/songs/Tamil%20Songs/2015%20Tamil%20Mp3/Trisha%20Illana%20Nayanthara%20%20(2015)/Trisha%20Illana%20Nayanthara%20%5bStarmusiq.xyz%5d.mp3
Trisha Illana Nayanthara,,http://9xmusiq.com/file/songs/Tamil%20Songs/2015%20Tamil%20Mp3/Trisha%20Illana%20Nayanthara%20%20(2015)/Rain%20Dance%20A%20Tin%20Theme%20%5bStarmusiq.xyz%5d.mp3
Trisha Illana Nayanthara,,http://9xmusiq.com/file/songs/Tamil%20Songs/2015%20Tamil%20Mp3/Trisha%20Illana%20Nayanthara%20%20(2015)/Mutham%20Kodutha%20Mayakkari%20%5bStarmusiq.xyz%5d.mp3
Naaigal Jakkirathai,,http://9xmusiq.com/file/songs/Tamil%20Songs/2014%20Tamil%20Mp3/Naaigal%20Jakkirathai%20(2014)/Oyadhe%20Oyadhe%20%5bStarmusiq.xyz%5d.mp3
Naaigal Jakkirathai,,http://9xmusiq.com/file/songs/Tamil%20Songs/2014%20Tamil%20Mp3/Naaigal%20Jakkirathai%20(2014)/Doggy%20Style%20(Club%20Mix)%20%5bStarmusiq.xyz%5d.mp3
Naaigal Jakkirathai,,http://9xmusiq.com/file/songs/Tamil%20Songs/2014%20Tamil%20Mp3/Naaigal%20Jakkirathai%20(2014)/Doggy%20Style%20%5bStarmusiq.xyz%5d.mp3
Naaigal Jakkirathai,,http://9xmusiq.com/file/songs/Tamil%20Songs/2014%20Tamil%20Mp3/Naaigal%20Jakkirathai%20(2014)/MANs%20Best%20Friend%20(Theme%20Music)%20%5bStarmusiq.xyz%5d.mp3
Naaigal Jakkirathai,,http://9xmusiq.com/file/songs/Tamil%20Songs/2014%20Tamil%20Mp3/Naaigal%20Jakkirathai%20(2014)/En%20Nenjil%20%5bStarmusiq.xyz%5d.mp3
Vada Curry,,http://9xmusiq.com/file/songs/Tamil%20Songs/2014%20Tamil%20Mp3/Vada%20Curry%20(2014)/Kelunganne%20Kelunga%20%5bStarmusiq.xyz%5d.mp3
Vada Curry,,http://9xmusiq.com/file/songs/Tamil%20Songs/2014%20Tamil%20Mp3/Vada%20Curry%20(2014)/Uyirin%20Maeloru%20Uyirvandhu%20%5bStarmusiq.xyz%5d.mp3
Vada Curry,,http://9xmusiq.com/file/songs/Tamil%20Songs/2014%20Tamil%20Mp3/Vada%20Curry%20(2014)/Low%20Aana%20Life%20%5bStarmusiq.xyz%5d.mp3
Vada Curry,,http://9xmusiq.com/file/songs/Tamil%20Songs/2014%20Tamil%20Mp3/Vada%20Curry%20(2014)/Ullangaiyil%20Ennai%20Vaithu%20%5bStarmusiq.xyz%5d.mp3
Vada Curry,,http://9xmusiq.com/file/songs/Tamil%20Songs/2014%20Tamil%20Mp3/Vada%20Curry%20(2014)/Nenjukulla%20Nee%20%5bStarmusiq.xyz%5d.mp3
Eetti,,http://9xmusiq.com/file/songs/Tamil%20Songs/2015%20Tamil%20Mp3/Eetti%20(2015)/Panjumittai%20%20%5bStarmusiq.xyz%5d.mp3
Eetti,,http://9xmusiq.com/file/songs/Tamil%20Songs/2015%20Tamil%20Mp3/Eetti%20(2015)/Oru%20Thuli%20%5bStarmusiq.xyz%5d.mp3
Eetti,,http://9xmusiq.com/file/songs/Tamil%20Songs/2015%20Tamil%20Mp3/Eetti%20(2015)/Un%20Swasam%20%5bStarmusiq.xyz%5d.mp3
Eetti,,http://9xmusiq.com/file/songs/Tamil%20Songs/2015%20Tamil%20Mp3/Eetti%20(2015)/A%20Leap%20Of%20Faith%20%5bStarmusiq.xyz%5d.mp3
Eetti,,http://9xmusiq.com/file/songs/Tamil%20Songs/2015%20Tamil%20Mp3/Eetti%20(2015)/Kuyyo%20Muyyo%20%5bStarmusiq.xyz%5d.mp3
Eetti,,http://9xmusiq.com/file/songs/Tamil%20Songs/2015%20Tamil%20Mp3/Eetti%20(2015)/Naan%20Pudicha%20Mosakkuttiye%20%5bStarmusiq.xyz%5d.mp3
Vellakara Durai,,http://9xmusiq.com/file/tamil/re_upload/Vellakara_Durai_2014/Nadigar_Thilagam%20%5bStarMusiQ.La%5d.mp3
Vellakara Durai,,http://9xmusiq.com/file/tamil/re_upload/Vellakara_Durai_2014/Ammadi_Un_Azhagu%20%5bStarMusiQ.La%5d.mp3
Vellakara Durai,,http://9xmusiq.com/file/tamil/re_upload/Vellakara_Durai_2014/Brass_Band_-_Maxwell_(Trumpet)%20%5bStarMusiQ.La%5d.mp3
Vellakara Durai,,http://9xmusiq.com/file/tamil/re_upload/Vellakara_Durai_2014/Koodha_Kathu_(Karaoke)%20%5bStarMusiQ.La%5d.mp3
Vellakara Durai,,http://9xmusiq.com/file/tamil/re_upload/Vellakara_Durai_2014/Ammadi_Un_Azhagu_(Karaoke)%20%5bStarMusiQ.La%5d.mp3
Vellakara Durai,,http://9xmusiq.com/file/tamil/re_upload/Vellakara_Durai_2014/Koodha_Kathu%20%5bStarMusiQ.La%5d.mp3
Vellakara Durai,,http://9xmusiq.com/file/tamil/re_upload/Vellakara_Durai_2014/Kakka_Muttai%20%5bStarMusiQ.La%5d.mp3
Dhuruvangal Pathinaaru,,http://9xmusiq.com/file/songs/Tamil%20Songs/2017%20Tamil%20Mp3/Dhuruvangal%20Pathinaaru%20(2017)/Kaatril%20Oru%20Rajaali%20%5bStarmusiq.cc%5d.mp3
Kuttram Kadithal,,http://9xmusiq.com/file/tamil/re_upload/Kuttram_Kadithal_2015/Theme_Music%20%5bStarMusiQ.La%5d.mp3
Kuttram Kadithal,,http://9xmusiq.com/file/tamil/re_upload/Kuttram_Kadithal_2015/Naagangal_Rendu%20%5bStarMusiQ.La%5d.mp3
Kuttram Kadithal,,http://9xmusiq.com/file/tamil/re_upload/Kuttram_Kadithal_2015/Kaalai_Nila%20%5bStarMusiQ.La%5d.mp3
Kuttram Kadithal,,http://9xmusiq.com/file/tamil/re_upload/Kuttram_Kadithal_2015/Theriyamal_Annanai%20%5bStarMusiQ.La%5d.mp3
Kuttram Kadithal,,http://9xmusiq.com/file/tamil/re_upload/Kuttram_Kadithal_2015/Kannurangu%20%5bStarMusiQ.La%5d.mp3
Mgr Sivaji Rajini Kamal,,http://9xmusiq.com/file/songs/Tamil%20Songs/2014%20Tamil%20Mp3/Mgr%20Sivaji%20Rajini%20Kamal%20(2014)/Nethu%20Rathiri%20%5bStarmusiq.xyz%5d.mp3
Mgr Sivaji Rajini Kamal,,http://9xmusiq.com/file/songs/Tamil%20Songs/2014%20Tamil%20Mp3/Mgr%20Sivaji%20Rajini%20Kamal%20(2014)/Sanki%20Monkey%20%5bStarmusiq.xyz%5d.mp3
Mgr Sivaji Rajini Kamal,,http://9xmusiq.com/file/songs/Tamil%20Songs/2014%20Tamil%20Mp3/Mgr%20Sivaji%20Rajini%20Kamal%20(2014)/MGR%20Sivaji%20Rajini%20Kamal%20%5bStarmusiq.xyz%5d.mp3
Mgr Sivaji Rajini Kamal,,http://9xmusiq.com/file/songs/Tamil%20Songs/2014%20Tamil%20Mp3/Mgr%20Sivaji%20Rajini%20Kamal%20(2014)/Classical%20Drama%20(Instrumental)%20%5bStarmusiq.xyz%5d.mp3
Indru Netru Naalai,,http://9xmusiq.com/file/songs/Tamil%20Songs/2015%20Tamil%20Mp3/Indru%20Netru%20Naalai%20(2015)/The%20Conquest%20of%20Time%20%5bStarmusiq.xyz%5d.mp3
Indru Netru Naalai,,http://9xmusiq.com/file/songs/Tamil%20Songs/2015%20Tamil%20Mp3/Indru%20Netru%20Naalai%20(2015)/Naane%20Than%20Raja%20%5bStarmusiq.xyz%5d.mp3
Indru Netru Naalai,,http://9xmusiq.com/file/songs/Tamil%20Songs/2015%20Tamil%20Mp3/Indru%20Netru%20Naalai%20(2015)/iPhone%206%20Nee%20Yendral%20%5bStarmusiq.xyz%5d.mp3
Indru Netru Naalai,,http://9xmusiq.com/file/songs/Tamil%20Songs/2015%20Tamil%20Mp3/Indru%20Netru%20Naalai%20(2015)/Indru%20Netru%20Naalai%20%5bStarmusiq.xyz%5d.mp3
Indru Netru Naalai,,http://9xmusiq.com/file/songs/Tamil%20Songs/2015%20Tamil%20Mp3/Indru%20Netru%20Naalai%20(2015)/Kadhale%20Kadhale%20%5bStarmusiq.xyz%5d.mp3
Asurakulam,,http://9xmusiq.com/file/songs/Tamil%20Songs/2015%20Tamil%20Mp3/Asurakulam%20(2015)/Yedharkku%20Penne%20%5bStarmusiq.xyz%5d.mp3
Asurakulam,,http://9xmusiq.com/file/songs/Tamil%20Songs/2015%20Tamil%20Mp3/Asurakulam%20(2015)/Anbane%20Anbane%20%5bStarmusiq.xyz%5d.mp3
Asurakulam,,http://9xmusiq.com/file/songs/Tamil%20Songs/2015%20Tamil%20Mp3/Asurakulam%20(2015)/Oru%20Vedhe%20%5bStarmusiq.xyz%5d.mp3
Asurakulam,,http://9xmusiq.com/file/songs/Tamil%20Songs/2015%20Tamil%20Mp3/Asurakulam%20(2015)/Anjezhuthilum%20%5bStarmusiq.xyz%5d.mp3
Asurakulam,,http://9xmusiq.com/file/songs/Tamil%20Songs/2015%20Tamil%20Mp3/Asurakulam%20(2015)/Polladhava%20%5bStarmusiq.xyz%5d.mp3
Asurakulam,,http://9xmusiq.com/file/songs/Tamil%20Songs/2015%20Tamil%20Mp3/Asurakulam%20(2015)/Asurakulam%20(Theme)%20%5bStarmusiq.xyz%5d.mp3
Asurakulam,,http://9xmusiq.com/file/songs/Tamil%20Songs/2015%20Tamil%20Mp3/Asurakulam%20(2015)/Mayako%20%5bStarmusiq.xyz%5d.mp3
Vandha Mala,,http://9xmusiq.com/file/songs/Tamil%20Songs/2015%20Tamil%20Mp3/Vandha%20Mala%20(2015)/Aana%20Aavanna%20%5bStarmusiq.xyz%5d.mp3
Vandha Mala,,http://9xmusiq.com/file/songs/Tamil%20Songs/2015%20Tamil%20Mp3/Vandha%20Mala%20(2015)/Aana%20Aavanna%20(Remix)%20%5bStarmusiq.xyz%5d.mp3
Vandha Mala,,http://9xmusiq.com/file/songs/Tamil%20Songs/2015%20Tamil%20Mp3/Vandha%20Mala%20(2015)/Vayila%20Vada%20Sudu%20%5bStarmusiq.xyz%5d.mp3
Vandha Mala,,http://9xmusiq.com/file/songs/Tamil%20Songs/2015%20Tamil%20Mp3/Vandha%20Mala%20(2015)/Cyberaagalam%20%5bStarmusiq.xyz%5d.mp3
Vandha Mala,,http://9xmusiq.com/file/songs/Tamil%20Songs/2015%20Tamil%20Mp3/Vandha%20Mala%20(2015)/Unnande%20Kadhalena%20%5bStarmusiq.xyz%5d.mp3
Pencil,,http://9xmusiq.com/file/songs/Tamil%20Songs/2015%20Tamil%20Mp3/Pencil%20(2015)/Led%20Kannala%20%5bStarmusiq.xyz%5d.mp3
Pencil,,http://9xmusiq.com/file/songs/Tamil%20Songs/2015%20Tamil%20Mp3/Pencil%20(2015)/Led%20Kannala%20(Karaoke)%20%5bStarmusiq.xyz%5d.mp3
Pencil,,http://9xmusiq.com/file/songs/Tamil%20Songs/2015%20Tamil%20Mp3/Pencil%20(2015)/Why%20Machi%20Why%20%5bStarmusiq.xyz%5d.mp3
Pencil,,http://9xmusiq.com/file/songs/Tamil%20Songs/2015%20Tamil%20Mp3/Pencil%20(2015)/Yaarai%20Polum%20Illa%20(Edm%20Mix)%20%5bStarmusiq.xyz%5d.mp3
Pencil,,http://9xmusiq.com/file/songs/Tamil%20Songs/2015%20Tamil%20Mp3/Pencil%20(2015)/Yaarai%20Polum%20Illa%20(Karaoke)%20%5bStarmusiq.xyz%5d.mp3
Pencil,,http://9xmusiq.com/file/songs/Tamil%20Songs/2015%20Tamil%20Mp3/Pencil%20(2015)/Yaarai%20Polum%20Illa%20%5bStarmusiq.xyz%5d.mp3
Pencil,,http://9xmusiq.com/file/songs/Tamil%20Songs/2015%20Tamil%20Mp3/Pencil%20(2015)/Kangalile%20%5bStarmusiq.xyz%5d.mp3
Pencil,,http://9xmusiq.com/file/songs/Tamil%20Songs/2015%20Tamil%20Mp3/Pencil%20(2015)/Kangalile%20(Karaoke)%20%5bStarmusiq.xyz%5d.mp3
Inimey Ippadithaan,,http://9xmusiq.com/file/tamil/re_upload/Inimey_Ippadithaan_2015/Azhaga_Aanazhaga%20%5bStarMusiQ.La%5d.mp3
Inimey Ippadithaan,,http://9xmusiq.com/file/tamil/re_upload/Inimey_Ippadithaan_2015/Inimey_Ippadithan%20%5bStarMusiQ.La%5d.mp3
Inimey Ippadithaan,,http://9xmusiq.com/file/tamil/re_upload/Inimey_Ippadithaan_2015/Aathula_Oru_Kaal%20%5bStarMusiQ.La%5d.mp3
Inimey Ippadithaan,,http://9xmusiq.com/file/tamil/re_upload/Inimey_Ippadithaan_2015/Partha_Oru_Lookula%20%5bStarMusiQ.La%5d.mp3
Inimey Ippadithaan,,http://9xmusiq.com/file/tamil/re_upload/Inimey_Ippadithaan_2015/Athana_Azhagaiyum%20%5bStarMusiQ.La%5d.mp3
Inimey Ippadithaan,,http://9xmusiq.com/file/tamil/re_upload/Inimey_Ippadithaan_2015/Thedi_Odunen%20%5bStarMusiQ.La%5d.mp3
India Pakistan Songs,,http://9xmusiq.com/file/songs/Tamil%20Songs/2014%20Tamil%20Mp3/India%20Pakistan%20Songs%20(2014)/Naan%20Unnai%20Dhinamum%20%5bStarmusiq.xyz%5d.mp3
India Pakistan Songs,,http://9xmusiq.com/file/songs/Tamil%20Songs/2014%20Tamil%20Mp3/India%20Pakistan%20Songs%20(2014)/India%20Naan%20Pakistan%20Nee%20%5bStarmusiq.xyz%5d.mp3
India Pakistan Songs,,http://9xmusiq.com/file/songs/Tamil%20Songs/2014%20Tamil%20Mp3/India%20Pakistan%20Songs%20(2014)/Oru%20Ponna%20Parthen%20Mama%20%5bStarmusiq.xyz%5d.mp3
India Pakistan Songs,,http://9xmusiq.com/file/songs/Tamil%20Songs/2014%20Tamil%20Mp3/India%20Pakistan%20Songs%20(2014)/Vaadi%20Kutty%20Lady%20%5bStarmusiq.xyz%5d.mp3
India Pakistan Songs,,http://9xmusiq.com/file/songs/Tamil%20Songs/2014%20Tamil%20Mp3/India%20Pakistan%20Songs%20(2014)/Pala%20Kodi%20Pengalilea%20%5bStarmusiq.xyz%5d.mp3
Chennaiyil Oru Naal 2,,http://9xmusiq.com/file/songs2/tamil/Chennaiyil%20Oru%20Naal%202/Narambugal%20Pudaikkuthey%20%5bStarmusiq.info%5d.mp3
Manathil Oru Maatram,,http://9xmusiq.com/file/tamil/re_upload/Manathil_Oru_Maatram_160kbps/Edhukkuda%20%5bStarMusiQ.La%5d.mp3
Manathil Oru Maatram,,http://9xmusiq.com/file/tamil/re_upload/Manathil_Oru_Maatram_160kbps/First_Time%20%5bStarMusiQ.La%5d.mp3
Manathil Oru Maatram,,http://9xmusiq.com/file/tamil/re_upload/Manathil_Oru_Maatram_160kbps/Va_Endhan_Devathai%20%5bStarMusiQ.La%5d.mp3
Manathil Oru Maatram,,http://9xmusiq.com/file/tamil/re_upload/Manathil_Oru_Maatram_160kbps/Manadhil_Manadhil_(Male)%20%5bStarMusiQ.La%5d.mp3
Manathil Oru Maatram,,http://9xmusiq.com/file/tamil/re_upload/Manathil_Oru_Maatram_160kbps/Manadhil_Manadhil_(Female)%20%5bStarMusiQ.La%5d.mp3
Manathil Oru Maatram,,http://9xmusiq.com/file/tamil/re_upload/Manathil_Oru_Maatram_160kbps/Tight_Tight%20%5bStarMusiQ.La%5d.mp3
Manathil Oru Maatram,,http://9xmusiq.com/file/tamil/re_upload/Manathil_Oru_Maatram_160kbps/Pondicherry%20%5bStarMusiQ.La%5d.mp3
Ninaivil Nindraval,,http://9xmusiq.com/file/songs/Tamil%20Songs/2014%20Tamil%20Mp3/Ninaivil%20Nindraval%20(2014)/Senthamizhe%20%5bStarmusiq.xyz%5d.mp3
Ninaivil Nindraval,,http://9xmusiq.com/file/songs/Tamil%20Songs/2014%20Tamil%20Mp3/Ninaivil%20Nindraval%20(2014)/Yennavaley%20%5bStarmusiq.xyz%5d.mp3
Ninaivil Nindraval,,http://9xmusiq.com/file/songs/Tamil%20Songs/2014%20Tamil%20Mp3/Ninaivil%20Nindraval%20(2014)/Chinnapoove%20%5bStarmusiq.xyz%5d.mp3
Ninaivil Nindraval,,http://9xmusiq.com/file/songs/Tamil%20Songs/2014%20Tamil%20Mp3/Ninaivil%20Nindraval%20(2014)/Sollitaru%20Thalaivar%20%5bStarmusiq.xyz%5d.mp3
Ninaivil Nindraval,,http://9xmusiq.com/file/songs/Tamil%20Songs/2014%20Tamil%20Mp3/Ninaivil%20Nindraval%20(2014)/Nila%20Adhu%20Vanathumela%20%5bStarmusiq.xyz%5d.mp3
Ninaivil Nindraval,,http://9xmusiq.com/file/songs/Tamil%20Songs/2014%20Tamil%20Mp3/Ninaivil%20Nindraval%20(2014)/Kalvaney%20Yen%20Kalvaney%20%5bStarmusiq.xyz%5d.mp3
Kalavu Thozhirchalai,,http://9xmusiq.com/file/songs/Tamil%20Songs/2014%20Tamil%20Mp3/Kalavu%20Thozhirchalai%20(2014)/Thanjavuru%20Paaru%20%5bStarmusiq.xyz%5d.mp3
Kalavu Thozhirchalai,,http://9xmusiq.com/file/songs/Tamil%20Songs/2014%20Tamil%20Mp3/Kalavu%20Thozhirchalai%20(2014)/Oru%20Nodiyiley%20%5bStarmusiq.xyz%5d.mp3
Kalavu Thozhirchalai,,http://9xmusiq.com/file/songs/Tamil%20Songs/2014%20Tamil%20Mp3/Kalavu%20Thozhirchalai%20(2014)/Yedho%20Yedho%20%5bStarmusiq.xyz%5d.mp3
Uppu Karuvadu,,http://9xmusiq.com/file/songs/Tamil%20Songs/2015%20Tamil%20Mp3/Uppu%20Karuvadu%20(2015)/Uppu%20Karuvadu%20%5bStarmusiq.xyz%5d.mp3
Uppu Karuvadu,,http://9xmusiq.com/file/songs/Tamil%20Songs/2015%20Tamil%20Mp3/Uppu%20Karuvadu%20(2015)/Pudhu%20Oru%20Kadavu%20(Karaoke%20Version)%20%5bStarmusiq.xyz%5d.mp3
Uppu Karuvadu,,http://9xmusiq.com/file/songs/Tamil%20Songs/2015%20Tamil%20Mp3/Uppu%20Karuvadu%20(2015)/Pudhu%20Oru%20Kadavu%20%5bStarmusiq.xyz%5d.mp3
Uppu Karuvadu,,http://9xmusiq.com/file/songs/Tamil%20Songs/2015%20Tamil%20Mp3/Uppu%20Karuvadu%20(2015)/Uk%20Uk%20(Karaoke%20Version)%20%5bStarmusiq.xyz%5d.mp3
Uppu Karuvadu,,http://9xmusiq.com/file/songs/Tamil%20Songs/2015%20Tamil%20Mp3/Uppu%20Karuvadu%20(2015)/Uppu%20Karuvadu%20(Karaoke%20Version)%20%5bStarmusiq.xyz%5d.mp3
Uppu Karuvadu,,http://9xmusiq.com/file/songs/Tamil%20Songs/2015%20Tamil%20Mp3/Uppu%20Karuvadu%20(2015)/Uk%20Uk%20%5bStarmusiq.xyz%5d.mp3
Sigaram Thodu,,http://9xmusiq.com/file/songs/Tamil%20Songs/2014%20Tamil%20Mp3/Sigaram%20Thodu%20(2014)/Sigaram%20Thodu%20%5bStarmusiq.xyz%5d.mp3
Sigaram Thodu,,http://9xmusiq.com/file/songs/Tamil%20Songs/2014%20Tamil%20Mp3/Sigaram%20Thodu%20(2014)/Pidikkudhae%20(Karaoke%20Version)%20%5bStarmusiq.xyz%5d.mp3
Sigaram Thodu,,http://9xmusiq.com/file/songs/Tamil%20Songs/2014%20Tamil%20Mp3/Sigaram%20Thodu%20(2014)/Anbulla%20Appa%20%5bStarmusiq.xyz%5d.mp3
Sigaram Thodu,,http://9xmusiq.com/file/songs/Tamil%20Songs/2014%20Tamil%20Mp3/Sigaram%20Thodu%20(2014)/Scenu%20Scenu%20%5bStarmusiq.xyz%5d.mp3
Sigaram Thodu,,http://9xmusiq.com/file/songs/Tamil%20Songs/2014%20Tamil%20Mp3/Sigaram%20Thodu%20(2014)/Pidikkudhae%20%20%5bStarmusiq.xyz%5d.mp3
Sigaram Thodu,,http://9xmusiq.com/file/songs/Tamil%20Songs/2014%20Tamil%20Mp3/Sigaram%20Thodu%20(2014)/Takku%20Takku%20%5bStarmusiq.xyz%5d.mp3
Sigaram Thodu,,http://9xmusiq.com/file/songs/Tamil%20Songs/2014%20Tamil%20Mp3/Sigaram%20Thodu%20(2014)/Anbulla%20Appa%20(Karaoke%20Version)%20%5bStarmusiq.xyz%5d.mp3
Thenali Raman,,http://9xmusiq.com/file/songs/Tamil%20Songs/2014%20Tamil%20Mp3/Thenali%20Raman%20(2014)/Aanazhagu%20(Karaoke)%20%5bStarmusiq.xyz%5d.mp3
Thenali Raman,,http://9xmusiq.com/file/songs/Tamil%20Songs/2014%20Tamil%20Mp3/Thenali%20Raman%20(2014)/Rampappa%20Rampappa%20%5bStarmusiq.xyz%5d.mp3
Thenali Raman,,http://9xmusiq.com/file/songs/Tamil%20Songs/2014%20Tamil%20Mp3/Thenali%20Raman%20(2014)/Nenje%20Nenje%20%5bStarmusiq.xyz%5d.mp3
Thenali Raman,,http://9xmusiq.com/file/songs/Tamil%20Songs/2014%20Tamil%20Mp3/Thenali%20Raman%20(2014)/Hey%20Vaayadi%20%5bStarmusiq.xyz%5d.mp3
Thenali Raman,,http://9xmusiq.com/file/songs/Tamil%20Songs/2014%20Tamil%20Mp3/Thenali%20Raman%20(2014)/Nenje%20Nenje%20(Karaoke)%20%5bStarmusiq.xyz%5d.mp3
Thenali Raman,,http://9xmusiq.com/file/songs/Tamil%20Songs/2014%20Tamil%20Mp3/Thenali%20Raman%20(2014)/Udal%20Vangalaiyo%20(Karaoke)%20%5bStarmusiq.xyz%5d.mp3
Thenali Raman,,http://9xmusiq.com/file/songs/Tamil%20Songs/2014%20Tamil%20Mp3/Thenali%20Raman%20(2014)/Udal%20Vangalaiyo%20%5bStarmusiq.xyz%5d.mp3
Thenali Raman,,http://9xmusiq.com/file/songs/Tamil%20Songs/2014%20Tamil%20Mp3/Thenali%20Raman%20(2014)/Aanazhagu%20%5bStarmusiq.xyz%5d.mp3
Inam,,http://9xmusiq.com/file/songs/Tamil%20Songs/2014%20Tamil%20Mp3/Inam%20(2014)/The%20War%20%5bStarmusiq.xyz%5d.mp3
Inam,,http://9xmusiq.com/file/songs/Tamil%20Songs/2014%20Tamil%20Mp3/Inam%20(2014)/The%20Monk%20(A%20Silver%20Lining)%20%5bStarmusiq.xyz%5d.mp3
Inam,,http://9xmusiq.com/file/songs/Tamil%20Songs/2014%20Tamil%20Mp3/Inam%20(2014)/Nandhans%20Theme%20%5bStarmusiq.xyz%5d.mp3
Inam,,http://9xmusiq.com/file/songs/Tamil%20Songs/2014%20Tamil%20Mp3/Inam%20(2014)/Burning%20Rage%20%5bStarmusiq.xyz%5d.mp3
Inam,,http://9xmusiq.com/file/songs/Tamil%20Songs/2014%20Tamil%20Mp3/Inam%20(2014)/Kolusum%20Illa%20(Karaoke)%20%5bStarmusiq.xyz%5d.mp3
Inam,,http://9xmusiq.com/file/songs/Tamil%20Songs/2014%20Tamil%20Mp3/Inam%20(2014)/Rajinis%20Turmoil%20%5bStarmusiq.xyz%5d.mp3
Inam,,http://9xmusiq.com/file/songs/Tamil%20Songs/2014%20Tamil%20Mp3/Inam%20(2014)/Dosa%20Baila%20%5bStarmusiq.xyz%5d.mp3
Inam,,http://9xmusiq.com/file/songs/Tamil%20Songs/2014%20Tamil%20Mp3/Inam%20(2014)/Kolusum%20Illa%20%5bStarmusiq.xyz%5d.mp3
Inam,,http://9xmusiq.com/file/songs/Tamil%20Songs/2014%20Tamil%20Mp3/Inam%20(2014)/Tsunami%20Akkas%20Theme%20%5bStarmusiq.xyz%5d.mp3
Inam,,http://9xmusiq.com/file/songs/Tamil%20Songs/2014%20Tamil%20Mp3/Inam%20(2014)/Dosa%20Baila%20(Karaoke)%20%5bStarmusiq.xyz%5d.mp3
Dummy Tappasu,,http://9xmusiq.com/file/tamil/re_upload/Dummy_Tappasu_2014/Yenda_En_Magane%20%5bStarMusiQ.La%5d.mp3
Dummy Tappasu,,http://9xmusiq.com/file/tamil/re_upload/Dummy_Tappasu_2014/Anju_Pathu_Kadanai%20%5bStarMusiQ.La%5d.mp3
Dummy Tappasu,,http://9xmusiq.com/file/tamil/re_upload/Dummy_Tappasu_2014/Enna_Idhu_Vayasu%20%5bStarMusiQ.La%5d.mp3
Dummy Tappasu,,http://9xmusiq.com/file/tamil/re_upload/Dummy_Tappasu_2014/Adiye_Flowere_(II)%20%5bStarMusiQ.La%5d.mp3
Dummy Tappasu,,http://9xmusiq.com/file/tamil/re_upload/Dummy_Tappasu_2014/Adiye_Flowere_(I)%20%5bStarMusiQ.La%5d.mp3
Sagaa,2016,http://9xmusiq.com/file/songs/Tamil%20Songs/2016%20Tamil%20Mp3/Sagaa%20(2016)/Yaayum%20%5bStarmusiq.xyz%5d.mp3
Sagaa,2016,http://9xmusiq.com/file/songs/Tamil%20Songs/2016%20Tamil%20Mp3/Sagaa%20(2016)/Sevulu%20Kizhiyum%20%5bStarmusiq.cc%5d.mp3
Sagaa,2016,http://9xmusiq.com/file/songs/Tamil%20Songs/2016%20Tamil%20Mp3/Sagaa%20(2016)/Semma%20Piece%20%5bStarmusiq.cc%5d.mp3
Aalamaram,,http://9xmusiq.com/file/songs/Tamil%20Songs/2014%20Tamil%20Mp3/Aalamaram%20(2014)/Chil%20Chillai%20%5bStarmusiq.xyz%5d.mp3
Aalamaram,,http://9xmusiq.com/file/songs/Tamil%20Songs/2014%20Tamil%20Mp3/Aalamaram%20(2014)/Kolladhe%20Ennai%20%5bStarmusiq.xyz%5d.mp3
Aalamaram,,http://9xmusiq.com/file/songs/Tamil%20Songs/2014%20Tamil%20Mp3/Aalamaram%20(2014)/Thereri%20Vaararu%20%5bStarmusiq.xyz%5d.mp3
Aalamaram,,http://9xmusiq.com/file/songs/Tamil%20Songs/2014%20Tamil%20Mp3/Aalamaram%20(2014)/Kuthu%20Rasikum%20%5bStarmusiq.xyz%5d.mp3
Aalamaram,,http://9xmusiq.com/file/songs/Tamil%20Songs/2014%20Tamil%20Mp3/Aalamaram%20(2014)/Aalamaram%20Kathada%20%5bStarmusiq.xyz%5d.mp3
Puli,,http://9xmusiq.com/file/songs/Tamil%20Songs/2015%20Tamil%20Mp3/Puli%20(2015)/Mannavane%20Mannavane%20%5bStarmusiq.xyz%5d.mp3
Puli,,http://9xmusiq.com/file/songs/Tamil%20Songs/2015%20Tamil%20Mp3/Puli%20(2015)/Manidha%20Manidha%20%5bStarmusiq.xyz%5d.mp3
Puli,,http://9xmusiq.com/file/songs/Tamil%20Songs/2015%20Tamil%20Mp3/Puli%20(2015)/Jingiliya%20%5bStarmusiq.xyz%5d.mp3
Puli,,http://9xmusiq.com/file/songs/Tamil%20Songs/2015%20Tamil%20Mp3/Puli%20(2015)/Sottavaala%20%5bStarmusiq.xyz%5d.mp3
Puli,,http://9xmusiq.com/file/songs/Tamil%20Songs/2015%20Tamil%20Mp3/Puli%20(2015)/Puli%20%5bStarmusiq.xyz%5d.mp3
Puli,,http://9xmusiq.com/file/songs/Tamil%20Songs/2015%20Tamil%20Mp3/Puli%20(2015)/Yendi%20Yendi%20%5bStarmusiq.xyz%5d.mp3
Ilai,,http://9xmusiq.com/file/songs2/tamil/Ilai/Ilaye%20En%20Ilaye%20%5bStarmusiq.cc%5d.mp3
Irumbu Kuthirai,,http://9xmusiq.com/file/songs/Tamil%20Songs/2014%20Tamil%20Mp3/Irumbu%20Kuthirai%20(2014)/Hello%20Brother%20%5bStarmusiq.xyz%5d.mp3
Irumbu Kuthirai,,http://9xmusiq.com/file/songs/Tamil%20Songs/2014%20Tamil%20Mp3/Irumbu%20Kuthirai%20(2014)/Angae%20Ippo%20Enna%20Seigiraai%20%5bStarmusiq.xyz%5d.mp3
Irumbu Kuthirai,,http://9xmusiq.com/file/songs/Tamil%20Songs/2014%20Tamil%20Mp3/Irumbu%20Kuthirai%20(2014)/Alaipaayum%20%5bStarmusiq.xyz%5d.mp3
Irumbu Kuthirai,,http://9xmusiq.com/file/songs/Tamil%20Songs/2014%20Tamil%20Mp3/Irumbu%20Kuthirai%20(2014)/Pondicherry%20Vazhiyela%20%5bStarmusiq.xyz%5d.mp3
Irumbu Kuthirai,,http://9xmusiq.com/file/songs/Tamil%20Songs/2014%20Tamil%20Mp3/Irumbu%20Kuthirai%20(2014)/Penne%20Penne%20%5bStarmusiq.xyz%5d.mp3
Yaan,,http://9xmusiq.com/file/songs/Tamil%20Songs/2014%20Tamil%20Mp3/Yaan%20(2014)/Aathangara%20Orathil%20%5bStarmusiq.xyz%5d.mp3
Yaan,,http://9xmusiq.com/file/songs/Tamil%20Songs/2014%20Tamil%20Mp3/Yaan%20(2014)/Hey%20Lamba%20Lamba%20%5bStarmusiq.xyz%5d.mp3
Yaan,,http://9xmusiq.com/file/songs/Tamil%20Songs/2014%20Tamil%20Mp3/Yaan%20(2014)/Latcham%20Calorie%20%5bStarmusiq.xyz%5d.mp3
Yaan,,http://9xmusiq.com/file/songs/Tamil%20Songs/2014%20Tamil%20Mp3/Yaan%20(2014)/Nee%20Vandhu%20Ponadhu%20%5bStarmusiq.xyz%5d.mp3
Yaan,,http://9xmusiq.com/file/songs/Tamil%20Songs/2014%20Tamil%20Mp3/Yaan%20(2014)/Nenje%20Nenje%20%5bStarmusiq.xyz%5d.mp3
Poojai,,http://9xmusiq.com/file/songs/Tamil%20Songs/2014%20Tamil%20Mp3/Poojai%20(2014)/Soda%20Bottle%20%5bStarmusiq.xyz%5d.mp3
Poojai,,http://9xmusiq.com/file/songs/Tamil%20Songs/2014%20Tamil%20Mp3/Poojai%20(2014)/Ippadiye%20%5bStarmusiq.xyz%5d.mp3
Poojai,,http://9xmusiq.com/file/songs/Tamil%20Songs/2014%20Tamil%20Mp3/Poojai%20(2014)/Devathai%20%5bStarmusiq.xyz%5d.mp3
Poojai,,http://9xmusiq.com/file/songs/Tamil%20Songs/2014%20Tamil%20Mp3/Poojai%20(2014)/Odi%20Odi%20%5bStarmusiq.xyz%5d.mp3
Poojai,,http://9xmusiq.com/file/songs/Tamil%20Songs/2014%20Tamil%20Mp3/Poojai%20(2014)/Uyire%20%5bStarmusiq.xyz%5d.mp3
Poojai,,http://9xmusiq.com/file/songs/Tamil%20Songs/2014%20Tamil%20Mp3/Poojai%20(2014)/Verarum%20%5bStarmusiq.xyz%5d.mp3
Yaamirukka Bayamey,,http://9xmusiq.com/file/songs/Tamil%20Songs/2014%20Tamil%20Mp3/Yaamirukka%20Bayamey%20(2014)/Ennamo%20Edho%20%5bStarmusiq.xyz%5d.mp3
Yaamirukka Bayamey,,http://9xmusiq.com/file/songs/Tamil%20Songs/2014%20Tamil%20Mp3/Yaamirukka%20Bayamey%20(2014)/Vellai%20Pandhu%20%5bStarmusiq.xyz%5d.mp3
Yaamirukka Bayamey,,http://9xmusiq.com/file/songs/Tamil%20Songs/2014%20Tamil%20Mp3/Yaamirukka%20Bayamey%20(2014)/Yemathukkaran%20%5bStarmusiq.xyz%5d.mp3
Yaamirukka Bayamey,,http://9xmusiq.com/file/songs/Tamil%20Songs/2014%20Tamil%20Mp3/Yaamirukka%20Bayamey%20(2014)/Adaikalam%20%5bStarmusiq.xyz%5d.mp3
Damaal Dumeel,,http://9xmusiq.com/file/songs/Tamil%20Songs/2014%20Tamil%20Mp3/Damaal%20Dumeel%20(2014)/Pogadhe%20Pogadhe%20%5bStarmusiq.xyz%5d.mp3
Damaal Dumeel,,http://9xmusiq.com/file/songs/Tamil%20Songs/2014%20Tamil%20Mp3/Damaal%20Dumeel%20(2014)/Odi%20Odi%20%5bStarmusiq.xyz%5d.mp3
Damaal Dumeel,,http://9xmusiq.com/file/songs/Tamil%20Songs/2014%20Tamil%20Mp3/Damaal%20Dumeel%20(2014)/Dumeel%20%5bStarmusiq.xyz%5d.mp3
Damaal Dumeel,,http://9xmusiq.com/file/songs/Tamil%20Songs/2014%20Tamil%20Mp3/Damaal%20Dumeel%20(2014)/Saga%20Saga%20%5bStarmusiq.xyz%5d.mp3
Damaal Dumeel,,http://9xmusiq.com/file/songs/Tamil%20Songs/2014%20Tamil%20Mp3/Damaal%20Dumeel%20(2014)/Damaal%20Dumeel%20(Theme)%20%5bStarmusiq.xyz%5d.mp3
Selvandhan,,http://9xmusiq.com/file/songs/Tamil%20Songs/2015%20Tamil%20Mp3/Selvandhan%20(2015)/Ila%20Manase%20%5bStarmusiq.xyz%5d.mp3
Selvandhan,,http://9xmusiq.com/file/songs/Tamil%20Songs/2015%20Tamil%20Mp3/Selvandhan%20(2015)/Dhammathundu%20%5bStarmusiq.xyz%5d.mp3
Selvandhan,,http://9xmusiq.com/file/songs/Tamil%20Songs/2015%20Tamil%20Mp3/Selvandhan%20(2015)/Jaago%20%5bStarmusiq.xyz%5d.mp3
Selvandhan,,http://9xmusiq.com/file/songs/Tamil%20Songs/2015%20Tamil%20Mp3/Selvandhan%20(2015)/Rama%20Rama%20%5bStarmusiq.xyz%5d.mp3
Selvandhan,,http://9xmusiq.com/file/songs/Tamil%20Songs/2015%20Tamil%20Mp3/Selvandhan%20(2015)/Selvandhaney%20%5bStarmusiq.xyz%5d.mp3
Selvandhan,,http://9xmusiq.com/file/songs/Tamil%20Songs/2015%20Tamil%20Mp3/Selvandhan%20(2015)/Charuseela%20%5bStarmusiq.xyz%5d.mp3
Enga Amma Rani,,http://9xmusiq.com/file/songs2/tamil/Enga%20Amma%20Rani/Va%20Va%20Magalae%20%5bStarmusiq.cc%5d.mp3
Enga Amma Rani,,http://9xmusiq.com/file/songs2/tamil/Enga%20Amma%20Rani/Amma%20Endru%20%5bStarmusiq.cc%5d.mp3
Appuchi Gramam,,http://9xmusiq.com/file/songs/Tamil%20Songs/2014%20Tamil%20Mp3/Appuchi%20Gramam%20(2014)/Theme%20Of%20Appuchi%20Gramam%20%5bStarmusiq.xyz%5d.mp3
Appuchi Gramam,,http://9xmusiq.com/file/songs/Tamil%20Songs/2014%20Tamil%20Mp3/Appuchi%20Gramam%20(2014)/Kee%20Keechare%20%5bStarmusiq.xyz%5d.mp3
Appuchi Gramam,,http://9xmusiq.com/file/songs/Tamil%20Songs/2014%20Tamil%20Mp3/Appuchi%20Gramam%20(2014)/Or%20Nila%20%5bStarmusiq.xyz%5d.mp3
Appuchi Gramam,,http://9xmusiq.com/file/songs/Tamil%20Songs/2014%20Tamil%20Mp3/Appuchi%20Gramam%20(2014)/Ek%20Karunchingama%20%5bStarmusiq.xyz%5d.mp3
Appuchi Gramam,,http://9xmusiq.com/file/songs/Tamil%20Songs/2014%20Tamil%20Mp3/Appuchi%20Gramam%20(2014)/En%20Kannu%20Kulla%20%5bStarmusiq.xyz%5d.mp3
Aaranyam,,http://9xmusiq.com/file/songs/Tamil%20Songs/2015%20Tamil%20Mp3/Aaranyam%20(2015)/Kadhal%20Maayavalai%20%5bStarmusiq.xyz%5d.mp3
Aaranyam,,http://9xmusiq.com/file/songs/Tamil%20Songs/2015%20Tamil%20Mp3/Aaranyam%20(2015)/Siragai%20Madithu%20%5bStarmusiq.xyz%5d.mp3
Aaranyam,,http://9xmusiq.com/file/songs/Tamil%20Songs/2015%20Tamil%20Mp3/Aaranyam%20(2015)/Maranji%20Kedandha%20%5bStarmusiq.xyz%5d.mp3
Aaranyam,,http://9xmusiq.com/file/songs/Tamil%20Songs/2015%20Tamil%20Mp3/Aaranyam%20(2015)/Azhagaga%20Tholainthen%20%5bStarmusiq.xyz%5d.mp3
Aaranyam,,http://9xmusiq.com/file/songs/Tamil%20Songs/2015%20Tamil%20Mp3/Aaranyam%20(2015)/Jimkhan%20(Dubstep)%20%5bStarmusiq.xyz%5d.mp3
Aaranyam,,http://9xmusiq.com/file/songs/Tamil%20Songs/2015%20Tamil%20Mp3/Aaranyam%20(2015)/Jimkhan%20%5bStarmusiq.xyz%5d.mp3
Aaranyam,,http://9xmusiq.com/file/songs/Tamil%20Songs/2015%20Tamil%20Mp3/Aaranyam%20(2015)/Kannula%20Unnai%20%5bStarmusiq.xyz%5d.mp3
Aaranyam,,http://9xmusiq.com/file/songs/Tamil%20Songs/2015%20Tamil%20Mp3/Aaranyam%20(2015)/Aaranyam%20%5bStarmusiq.xyz%5d.mp3
Oru Oorla Rendu Raja,,http://9xmusiq.com/file/songs/Tamil%20Songs/2014%20Tamil%20Mp3/Oru%20Oorla%20Rendu%20Raja%20(2014)/Odum%20Rayilai%20(Karaoke)%20%5bStarmusiq.xyz%5d.mp3
Oru Oorla Rendu Raja,,http://9xmusiq.com/file/songs/Tamil%20Songs/2014%20Tamil%20Mp3/Oru%20Oorla%20Rendu%20Raja%20(2014)/Oru%20Oorula%20Rendu%20Raja%20%5bStarmusiq.xyz%5d.mp3
Oru Oorla Rendu Raja,,http://9xmusiq.com/file/songs/Tamil%20Songs/2014%20Tamil%20Mp3/Oru%20Oorla%20Rendu%20Raja%20(2014)/Sundari%20Penne%20%5bStarmusiq.xyz%5d.mp3
Oru Oorla Rendu Raja,,http://9xmusiq.com/file/songs/Tamil%20Songs/2014%20Tamil%20Mp3/Oru%20Oorla%20Rendu%20Raja%20(2014)/Kukkuru%20Kukkuru%20(Karaoke)%20%5bStarmusiq.xyz%5d.mp3
Oru Oorla Rendu Raja,,http://9xmusiq.com/file/songs/Tamil%20Songs/2014%20Tamil%20Mp3/Oru%20Oorla%20Rendu%20Raja%20(2014)/Kukkuru%20Kukkuru%20%5bStarmusiq.xyz%5d.mp3
Oru Oorla Rendu Raja,,http://9xmusiq.com/file/songs/Tamil%20Songs/2014%20Tamil%20Mp3/Oru%20Oorla%20Rendu%20Raja%20(2014)/Mazhakatha%20%5bStarmusiq.xyz%5d.mp3
Oru Oorla Rendu Raja,,http://9xmusiq.com/file/songs/Tamil%20Songs/2014%20Tamil%20Mp3/Oru%20Oorla%20Rendu%20Raja%20(2014)/Odum%20Rayilai%20%5bStarmusiq.xyz%5d.mp3
Sandamarutham,,http://9xmusiq.com/file/songs/Tamil%20Songs/2014%20Tamil%20Mp3/Sandamarutham%20(2014)/Dummangoli%20%5bStarmusiq.xyz%5d.mp3
Sandamarutham,,http://9xmusiq.com/file/songs/Tamil%20Songs/2014%20Tamil%20Mp3/Sandamarutham%20(2014)/Unai%20Mattum%20%5bStarmusiq.xyz%5d.mp3
Sandamarutham,,http://9xmusiq.com/file/songs/Tamil%20Songs/2014%20Tamil%20Mp3/Sandamarutham%20(2014)/Sandamarudham%20%5bStarmusiq.xyz%5d.mp3
Sandamarutham,,http://9xmusiq.com/file/songs/Tamil%20Songs/2014%20Tamil%20Mp3/Sandamarutham%20(2014)/Parthu%20Konde%20%5bStarmusiq.xyz%5d.mp3
Sarabham,,http://9xmusiq.com/file/songs/Tamil%20Songs/2014%20Tamil%20Mp3/Sarabham%20(2014)/Pudhidhai%20Oru%20Iravu%20(Instrumental)%20%5bStarmusiq.xyz%5d.mp3
Sarabham,,http://9xmusiq.com/file/songs/Tamil%20Songs/2014%20Tamil%20Mp3/Sarabham%20(2014)/Bodhaiyil%20Padhai%20Marum%20%5bStarmusiq.xyz%5d.mp3
Sarabham,,http://9xmusiq.com/file/songs/Tamil%20Songs/2014%20Tamil%20Mp3/Sarabham%20(2014)/Sarabham%20(Theme%20Music)%20%5bStarmusiq.xyz%5d.mp3
Sarabham,,http://9xmusiq.com/file/songs/Tamil%20Songs/2014%20Tamil%20Mp3/Sarabham%20(2014)/Pudhidhai%20Oru%20Iravu%20%5bStarmusiq.xyz%5d.mp3
Sarabham,,http://9xmusiq.com/file/songs/Tamil%20Songs/2014%20Tamil%20Mp3/Sarabham%20(2014)/Neram%20%5bStarmusiq.xyz%5d.mp3
9 Thirudargal,,http://9xmusiq.com/file/songs/Tamil%20Songs/2015%20Tamil%20Mp3/9%20Thirudargal%20(2015)/Somari%20%5bStarmusiq.xyz%5d.mp3
9 Thirudargal,,http://9xmusiq.com/file/songs/Tamil%20Songs/2015%20Tamil%20Mp3/9%20Thirudargal%20(2015)/Chennakoni%20Mapula%20%5bStarmusiq.xyz%5d.mp3
9 Thirudargal,,http://9xmusiq.com/file/songs/Tamil%20Songs/2015%20Tamil%20Mp3/9%20Thirudargal%20(2015)/En%20Anbe%20Va%20%5bStarmusiq.xyz%5d.mp3
9 Thirudargal,,http://9xmusiq.com/file/songs/Tamil%20Songs/2015%20Tamil%20Mp3/9%20Thirudargal%20(2015)/En%20Anbe%20Va%20(Reprise)%20%5bStarmusiq.xyz%5d.mp3
9 Thirudargal,,http://9xmusiq.com/file/songs/Tamil%20Songs/2015%20Tamil%20Mp3/9%20Thirudargal%20(2015)/Vyaasarpaadi%20Aalu%20%5bStarmusiq.xyz%5d.mp3
Mosakkutty,,http://9xmusiq.com/file/songs/Tamil%20Songs/2014%20Tamil%20Mp3/Mosakkutty%20(2014)/Kalla%20Payalae%20Payalae%20%5bStarmusiq.xyz%5d.mp3
Mosakkutty,,http://9xmusiq.com/file/songs/Tamil%20Songs/2014%20Tamil%20Mp3/Mosakkutty%20(2014)/Moosakutty%20%5bStarmusiq.xyz%5d.mp3
Mosakkutty,,http://9xmusiq.com/file/songs/Tamil%20Songs/2014%20Tamil%20Mp3/Mosakkutty%20(2014)/Kondamella%20Kondapottu%20%5bStarmusiq.xyz%5d.mp3
Mosakkutty,,http://9xmusiq.com/file/songs/Tamil%20Songs/2014%20Tamil%20Mp3/Mosakkutty%20(2014)/Vada%20Dai%20Enpurusa%20%5bStarmusiq.xyz%5d.mp3
Mosakkutty,,http://9xmusiq.com/file/songs/Tamil%20Songs/2014%20Tamil%20Mp3/Mosakkutty%20(2014)/Aasaiyaparu%20Aasaiya%20%5bStarmusiq.xyz%5d.mp3
Vingyani,,http://9xmusiq.com/file/songs/Tamil%20Songs/2014%20Tamil%20Mp3/Vingyani%20(2014)/Kadhavai%20Saathadi%20%5bStarmusiq.xyz%5d.mp3
Vingyani,,http://9xmusiq.com/file/songs/Tamil%20Songs/2014%20Tamil%20Mp3/Vingyani%20(2014)/X%20Chromosome%20Y%20Chromosome%20%5bStarmusiq.xyz%5d.mp3
Vingyani,,http://9xmusiq.com/file/songs/Tamil%20Songs/2014%20Tamil%20Mp3/Vingyani%20(2014)/Pullum%20Maranum%20%5bStarmusiq.xyz%5d.mp3
Vingyani,,http://9xmusiq.com/file/songs/Tamil%20Songs/2014%20Tamil%20Mp3/Vingyani%20(2014)/Kondaiya%20Aati%20%5bStarmusiq.xyz%5d.mp3
Vingyani,,http://9xmusiq.com/file/songs/Tamil%20Songs/2014%20Tamil%20Mp3/Vingyani%20(2014)/Golu%20Malu%20%5bStarmusiq.xyz%5d.mp3
Vingyani,,http://9xmusiq.com/file/songs/Tamil%20Songs/2014%20Tamil%20Mp3/Vingyani%20(2014)/Un%20Paarvai%20Arugil%20%5bStarmusiq.xyz%5d.mp3
Vingyani,,http://9xmusiq.com/file/songs/Tamil%20Songs/2014%20Tamil%20Mp3/Vingyani%20(2014)/Tamizhan%20Perumai%20%5bStarmusiq.xyz%5d.mp3
Vingyani,,http://9xmusiq.com/file/songs/Tamil%20Songs/2014%20Tamil%20Mp3/Vingyani%20(2014)/Sil%20Endru%20Odum%20Aaru%20%5bStarmusiq.xyz%5d.mp3
Poovarasam Pee Pee,,http://9xmusiq.com/file/songs/Tamil%20Songs/2014%20Tamil%20Mp3/Poovarasam%20Pee%20Pee%20(2014)/Enakkondrum%20Vaanveli%20%5bStarmusiq.xyz%5d.mp3
Poovarasam Pee Pee,,http://9xmusiq.com/file/songs/Tamil%20Songs/2014%20Tamil%20Mp3/Poovarasam%20Pee%20Pee%20(2014)/Angry%20Birds%20%5bStarmusiq.xyz%5d.mp3
Poovarasam Pee Pee,,http://9xmusiq.com/file/songs/Tamil%20Songs/2014%20Tamil%20Mp3/Poovarasam%20Pee%20Pee%20(2014)/Theme%20Music%20%5bStarmusiq.xyz%5d.mp3
Poovarasam Pee Pee,,http://9xmusiq.com/file/songs/Tamil%20Songs/2014%20Tamil%20Mp3/Poovarasam%20Pee%20Pee%20(2014)/Gnayiru%20Dhinangalin%20(I)%20%5bStarmusiq.xyz%5d.mp3
Poovarasam Pee Pee,,http://9xmusiq.com/file/songs/Tamil%20Songs/2014%20Tamil%20Mp3/Poovarasam%20Pee%20Pee%20(2014)/Gnayiru%20Dhinangalin%20(II)%20%5bStarmusiq.xyz%5d.mp3
Poovarasam Pee Pee,,http://9xmusiq.com/file/songs/Tamil%20Songs/2014%20Tamil%20Mp3/Poovarasam%20Pee%20Pee%20(2014)/En%20Ulagam%20%5bStarmusiq.xyz%5d.mp3
Poovarasam Pee Pee,,http://9xmusiq.com/file/songs/Tamil%20Songs/2014%20Tamil%20Mp3/Poovarasam%20Pee%20Pee%20(2014)/Ko%20Ko%20Ko%20%5bStarmusiq.xyz%5d.mp3
Madras,,http://9xmusiq.com/file/songs/Tamil%20Songs/2014%20Tamil%20Mp3/Madras%20(2014)/Suvar%20(Theme%20Music)%20%5bStarmusiq.xyz%5d.mp3
Madras,,http://9xmusiq.com/file/songs/Tamil%20Songs/2014%20Tamil%20Mp3/Madras%20(2014)/Kaali%20Love%20(Theme%20Music)%20%5bStarmusiq.xyz%5d.mp3
Madras,,http://9xmusiq.com/file/songs/Tamil%20Songs/2014%20Tamil%20Mp3/Madras%20(2014)/Madras%20%5bStarmusiq.xyz%5d.mp3
Madras,,http://9xmusiq.com/file/songs/Tamil%20Songs/2014%20Tamil%20Mp3/Madras%20(2014)/Naan%20Nee%20%5bStarmusiq.xyz%5d.mp3
Madras,,http://9xmusiq.com/file/songs/Tamil%20Songs/2014%20Tamil%20Mp3/Madras%20(2014)/Irandhidava%20%5bStarmusiq.xyz%5d.mp3
Madras,,http://9xmusiq.com/file/songs/Tamil%20Songs/2014%20Tamil%20Mp3/Madras%20(2014)/Agayam%20Theepiditha%20%5bStarmusiq.xyz%5d.mp3
Madras,,http://9xmusiq.com/file/songs/Tamil%20Songs/2014%20Tamil%20Mp3/Madras%20(2014)/Kakidha%20Kappal%20%5bStarmusiq.xyz%5d.mp3
Pugazh,,http://9xmusiq.com/file/songs/Tamil%20Songs/2015%20Tamil%20Mp3/Pugazh%20(2015)/Vizhigalil%20Vizhundhavalo%20%5bStarmusiq.xyz%5d.mp3
Pugazh,,http://9xmusiq.com/file/songs/Tamil%20Songs/2015%20Tamil%20Mp3/Pugazh%20(2015)/Neeyae%20%5bStarmusiq.xyz%5d.mp3
Pugazh,,http://9xmusiq.com/file/songs/Tamil%20Songs/2015%20Tamil%20Mp3/Pugazh%20(2015)/Sharpu%20Gangu%20%5bStarmusiq.xyz%5d.mp3
Pugazh,,http://9xmusiq.com/file/songs/Tamil%20Songs/2015%20Tamil%20Mp3/Pugazh%20(2015)/Naanga_Podiyan-StarMusiQ.Com.mp3
Pugazh,,http://9xmusiq.com/file/songs/Tamil%20Songs/2015%20Tamil%20Mp3/Pugazh%20(2015)/Podu%20Podu%20%5bStarmusiq.xyz%5d.mp3
Jai Hind 2,,http://9xmusiq.com/file/songs/Tamil%20Songs/2014%20Tamil%20Mp3/Jai%20Hind%202%20(2014)/Ayya%20Padichavare%20%5bStarmusiq.xyz%5d.mp3
Jai Hind 2,,http://9xmusiq.com/file/songs/Tamil%20Songs/2014%20Tamil%20Mp3/Jai%20Hind%202%20(2014)/Mazhaye%20Malarage%20%5bStarmusiq.xyz%5d.mp3
Jai Hind 2,,http://9xmusiq.com/file/songs/Tamil%20Songs/2014%20Tamil%20Mp3/Jai%20Hind%202%20(2014)/Adada%20Nenjil%20Adada%20%5bStarmusiq.xyz%5d.mp3
Jai Hind 2,,http://9xmusiq.com/file/songs/Tamil%20Songs/2014%20Tamil%20Mp3/Jai%20Hind%202%20(2014)/Ivan%20Yaarivan%20%5bStarmusiq.xyz%5d.mp3
Un Samayal Arayil,,http://9xmusiq.com/file/songs/Tamil%20Songs/2014%20Tamil%20Mp3/Un%20Samayal%20Arayil%20(2014)/Indha%20Porappudhan%20%5bStarmusiq.xyz%5d.mp3
Un Samayal Arayil,,http://9xmusiq.com/file/songs/Tamil%20Songs/2014%20Tamil%20Mp3/Un%20Samayal%20Arayil%20(2014)/Katru%20Veliyil%20%5bStarmusiq.xyz%5d.mp3
Un Samayal Arayil,,http://9xmusiq.com/file/songs/Tamil%20Songs/2014%20Tamil%20Mp3/Un%20Samayal%20Arayil%20(2014)/Therintho%20Theriyamalo%20%5bStarmusiq.xyz%5d.mp3
Un Samayal Arayil,,http://9xmusiq.com/file/songs/Tamil%20Songs/2014%20Tamil%20Mp3/Un%20Samayal%20Arayil%20(2014)/Eeramai%20Eeramai%20%5bStarmusiq.xyz%5d.mp3
Eli,,http://9xmusiq.com/file/tamil/re_upload/Eli_2015/Kannameya%20%5bStarMusiQ.La%5d.mp3
Eli,,http://9xmusiq.com/file/tamil/re_upload/Eli_2015/Engalukkum%20%5bStarMusiQ.La%5d.mp3
Eli,,http://9xmusiq.com/file/tamil/re_upload/Eli_2015/Kollai_Azhagu%20%5bStarMusiQ.La%5d.mp3
Tamilselvanum Thaniyar Anjalum,,http://9xmusiq.com/file/songs/Tamil%20Songs/2015%20Tamil%20Mp3/Tamilselvanum%20Thaniyar%20Anjalum%20(2015)/Maya%20Oh%20Maya%20%5bStarmusiq.xyz%5d.mp3
Tamilselvanum Thaniyar Anjalum,,http://9xmusiq.com/file/songs/Tamil%20Songs/2015%20Tamil%20Mp3/Tamilselvanum%20Thaniyar%20Anjalum%20(2015)/Venmegangal%20%5bStarmusiq.xyz%5d.mp3
Tamilselvanum Thaniyar Anjalum,,http://9xmusiq.com/file/songs/Tamil%20Songs/2015%20Tamil%20Mp3/Tamilselvanum%20Thaniyar%20Anjalum%20(2015)/Kalakku%20%5bStarmusiq.xyz%5d.mp3
Rettai Kathir,,http://9xmusiq.com/file/songs/Tamil%20Songs/2014%20Tamil%20Mp3/Rettai%20Kathir%20(2014)/Naan%20Kangeyam%20%5bStarmusiq.xyz%5d.mp3
Rettai Kathir,,http://9xmusiq.com/file/songs/Tamil%20Songs/2014%20Tamil%20Mp3/Rettai%20Kathir%20(2014)/Nee%20illamal%20(F)%20%5bStarmusiq.xyz%5d.mp3
Rettai Kathir,,http://9xmusiq.com/file/songs/Tamil%20Songs/2014%20Tamil%20Mp3/Rettai%20Kathir%20(2014)/Nee%20illamal%20(M)%20%5bStarmusiq.xyz%5d.mp3
Rettai Kathir,,http://9xmusiq.com/file/songs/Tamil%20Songs/2014%20Tamil%20Mp3/Rettai%20Kathir%20(2014)/Kadhalikka%20Thillu%20%5bStarmusiq.xyz%5d.mp3
Rettai Kathir,,http://9xmusiq.com/file/songs/Tamil%20Songs/2014%20Tamil%20Mp3/Rettai%20Kathir%20(2014)/Onnu%20Rendu%20%5bStarmusiq.xyz%5d.mp3
Jigina,,http://9xmusiq.com/file/songs/Tamil%20Songs/2015%20Tamil%20Mp3/Jigina%20(2015)/Ennada%20Bhoomi%20%5bStarmusiq.xyz%5d.mp3
Jigina,,http://9xmusiq.com/file/songs/Tamil%20Songs/2015%20Tamil%20Mp3/Jigina%20(2015)/Kaathoda%20Un%20Vaasam%20%5bStarmusiq.xyz%5d.mp3
Jigina,,http://9xmusiq.com/file/songs/Tamil%20Songs/2015%20Tamil%20Mp3/Jigina%20(2015)/Ayyo%20En%20Ethayathula%20%5bStarmusiq.xyz%5d.mp3
Jigina,,http://9xmusiq.com/file/songs/Tamil%20Songs/2015%20Tamil%20Mp3/Jigina%20(2015)/Rosapoo%20Ravikaikari%20%5bStarmusiq.xyz%5d.mp3
Valiyavan,,http://9xmusiq.com/file/songs/Tamil%20Songs/2015%20Tamil%20Mp3/Valiyavan%20(2015)/Aahaa%20Kathal%20Vandhu%20Karaoke%20%5bStarmusiq.xyz%5d.mp3
Valiyavan,,http://9xmusiq.com/file/songs/Tamil%20Songs/2015%20Tamil%20Mp3/Valiyavan%20(2015)/O%20Ba:%20Come%20With%20Me%20%5bStarmusiq.xyz%5d.mp3
Valiyavan,,http://9xmusiq.com/file/songs/Tamil%20Songs/2015%20Tamil%20Mp3/Valiyavan%20(2015)/Aahaa%20Kathal%20Vandhu%20%5bStarmusiq.xyz%5d.mp3
Valiyavan,,http://9xmusiq.com/file/songs/Tamil%20Songs/2015%20Tamil%20Mp3/Valiyavan%20(2015)/Yelomia%20Karaoke%20%5bStarmusiq.xyz%5d.mp3
Valiyavan,,http://9xmusiq.com/file/songs/Tamil%20Songs/2015%20Tamil%20Mp3/Valiyavan%20(2015)/Kathal%20Nallavana%20%5bStarmusiq.xyz%5d.mp3
Valiyavan,,http://9xmusiq.com/file/songs/Tamil%20Songs/2015%20Tamil%20Mp3/Valiyavan%20(2015)/Yelomia%20%5bStarmusiq.xyz%5d.mp3
Valiyavan,,http://9xmusiq.com/file/songs/Tamil%20Songs/2015%20Tamil%20Mp3/Valiyavan%20(2015)/Hello%20Hello%20%5bStarmusiq.xyz%5d.mp3
Valiyavan,,http://9xmusiq.com/file/songs/Tamil%20Songs/2015%20Tamil%20Mp3/Valiyavan%20(2015)/Eyes%20On%20You%20%5bStarmusiq.xyz%5d.mp3
Moone Moonu Varthai,,http://9xmusiq.com/file/tamil/re_upload/Moone_Moonu_Varthai_2015/Ketta_News%20%5bStarMusiQ.La%5d.mp3
Moone Moonu Varthai,,http://9xmusiq.com/file/tamil/re_upload/Moone_Moonu_Varthai_2015/Height_of_Bad_News%20%5bStarMusiQ.La%5d.mp3
Moone Moonu Varthai,,http://9xmusiq.com/file/tamil/re_upload/Moone_Moonu_Varthai_2015/Irish_Coffee_Duel%20%5bStarMusiQ.La%5d.mp3
Moone Moonu Varthai,,http://9xmusiq.com/file/tamil/re_upload/Moone_Moonu_Varthai_2015/Saayore_Saayore%20%5bStarMusiQ.La%5d.mp3
Moone Moonu Varthai,,http://9xmusiq.com/file/tamil/re_upload/Moone_Moonu_Varthai_2015/Porruppu_To_Parruppu%20%5bStarMusiQ.La%5d.mp3
Moone Moonu Varthai,,http://9xmusiq.com/file/tamil/re_upload/Moone_Moonu_Varthai_2015/Pa_Paba_Pa%20%5bStarMusiQ.La%5d.mp3
Moone Moonu Varthai,,http://9xmusiq.com/file/tamil/re_upload/Moone_Moonu_Varthai_2015/Salsa_Ki_Jalsa%20%5bStarMusiQ.La%5d.mp3
Moone Moonu Varthai,,http://9xmusiq.com/file/tamil/re_upload/Moone_Moonu_Varthai_2015/Vaazhum_Naal%20%5bStarMusiQ.La%5d.mp3
Serndhu Polama,,http://9xmusiq.com/file/tamil/re_upload/Serndhu_Polama_2015/Kadhal_Saikkudhe%20%5bStarMusiQ.La%5d.mp3
Serndhu Polama,,http://9xmusiq.com/file/tamil/re_upload/Serndhu_Polama_2015/Snehitha%20%5bStarMusiQ.La%5d.mp3
Serndhu Polama,,http://9xmusiq.com/file/tamil/re_upload/Serndhu_Polama_2015/Serndhu_Polama%20%5bStarMusiQ.La%5d.mp3
Serndhu Polama,,http://9xmusiq.com/file/tamil/re_upload/Serndhu_Polama_2015/Bun_Butter_Jam%20%5bStarMusiQ.La%5d.mp3
Serndhu Polama,,http://9xmusiq.com/file/tamil/re_upload/Serndhu_Polama_2015/Unnale_Naane%20%5bStarMusiQ.La%5d.mp3
Santhanathevan,,http://9xmusiq.com/file/songs/Tamil%20Songs/2017%20Tamil%20Mp3/Santhanathevan/Jallikattu%20%5bStarmusiq.cc%5d.mp3
Enakkul Oruvan,,http://9xmusiq.com/file/songs/Tamil%20Songs/2014%20Tamil%20Mp3/Enakkul%20Oruvan%20(2014)/Poo%20Avizhum%20Pozhudhil%20%5bStarmusiq.xyz%5d.mp3
Enakkul Oruvan,,http://9xmusiq.com/file/songs/Tamil%20Songs/2014%20Tamil%20Mp3/Enakkul%20Oruvan%20(2014)/Prabalamagavey%20%5bStarmusiq.xyz%5d.mp3
Enakkul Oruvan,,http://9xmusiq.com/file/songs/Tamil%20Songs/2014%20Tamil%20Mp3/Enakkul%20Oruvan%20(2014)/Prabalamagavey%20(Karaoke)%20%5bStarmusiq.xyz%5d.mp3
Enakkul Oruvan,,http://9xmusiq.com/file/songs/Tamil%20Songs/2014%20Tamil%20Mp3/Enakkul%20Oruvan%20(2014)/Endi%20Ippadi%20(Karaoke)%20%5bStarmusiq.xyz%5d.mp3
Enakkul Oruvan,,http://9xmusiq.com/file/songs/Tamil%20Songs/2014%20Tamil%20Mp3/Enakkul%20Oruvan%20(2014)/Yaar%20%5bStarmusiq.xyz%5d.mp3
Enakkul Oruvan,,http://9xmusiq.com/file/songs/Tamil%20Songs/2014%20Tamil%20Mp3/Enakkul%20Oruvan%20(2014)/Endi%20Ippadi%20%5bStarmusiq.xyz%5d.mp3
Enakkul Oruvan,,http://9xmusiq.com/file/songs/Tamil%20Songs/2014%20Tamil%20Mp3/Enakkul%20Oruvan%20(2014)/Kutti%20Poochi%20%5bStarmusiq.xyz%5d.mp3
Puli Vaal,,http://9xmusiq.com/file/songs/Tamil%20Songs/2014%20Tamil%20Mp3/Puli%20Vaal%20(2014)/Nadu%20Nadu%20%5bStarmusiq.xyz%5d.mp3
Puli Vaal,,http://9xmusiq.com/file/songs/Tamil%20Songs/2014%20Tamil%20Mp3/Puli%20Vaal%20(2014)/Netrum%20Party%20%5bStarmusiq.xyz%5d.mp3
Puli Vaal,,http://9xmusiq.com/file/songs/Tamil%20Songs/2014%20Tamil%20Mp3/Puli%20Vaal%20(2014)/Kichu%20Kichu%20%5bStarmusiq.xyz%5d.mp3
Puli Vaal,,http://9xmusiq.com/file/songs/Tamil%20Songs/2014%20Tamil%20Mp3/Puli%20Vaal%20(2014)/Vazhkkai%20Unnai%20%5bStarmusiq.xyz%5d.mp3
Puli Vaal,,http://9xmusiq.com/file/songs/Tamil%20Songs/2014%20Tamil%20Mp3/Puli%20Vaal%20(2014)/Neelangaraiyil%20(II)%20%5bStarmusiq.xyz%5d.mp3
Puli Vaal,,http://9xmusiq.com/file/songs/Tamil%20Songs/2014%20Tamil%20Mp3/Puli%20Vaal%20(2014)/Neelangaraiyil%20(I)%20%5bStarmusiq.xyz%5d.mp3
Om Shanthi Om,,http://9xmusiq.com/file/songs/Tamil%20Songs/2014%20Tamil%20Mp3/Om%20Shanthi%20Om%20(2014)/Ivalthana%20(Iravum%20Pagalum)%20%5bStarmusiq.xyz%5d.mp3
Om Shanthi Om,,http://9xmusiq.com/file/songs/Tamil%20Songs/2014%20Tamil%20Mp3/Om%20Shanthi%20Om%20(2014)/Aathoram%20Voodukatti%20%5bStarmusiq.xyz%5d.mp3
Om Shanthi Om,,http://9xmusiq.com/file/songs/Tamil%20Songs/2014%20Tamil%20Mp3/Om%20Shanthi%20Om%20(2014)/Enendru%20Solvadho%20%5bStarmusiq.xyz%5d.mp3
Om Shanthi Om,,http://9xmusiq.com/file/songs/Tamil%20Songs/2014%20Tamil%20Mp3/Om%20Shanthi%20Om%20(2014)/Mazhaithuli%20Azhaga%20(Oru%20Vatta%20Nila)%20%5bStarmusiq.xyz%5d.mp3
Om Shanthi Om,,http://9xmusiq.com/file/songs/Tamil%20Songs/2014%20Tamil%20Mp3/Om%20Shanthi%20Om%20(2014)/Thattungada%20(Ponnukku%20Vaekkatha)%20%5bStarmusiq.xyz%5d.mp3
Aruvi,,http://9xmusiq.com/file/songs2/tamil/Aruvi/Anbin%20Kodi%20%5bStarmusiq.info%5d.mp3
Kadhal Kaalam,,http://9xmusiq.com/file/songs/Tamil%20Songs/2015%20Tamil%20Mp3/Kadhal%20Kaalam%20(2015)/Dhillu%20Dhillu%20%5bStarmusiq.xyz%5d.mp3
Kadhal Kaalam,,http://9xmusiq.com/file/songs/Tamil%20Songs/2015%20Tamil%20Mp3/Kadhal%20Kaalam%20(2015)/Idhu%20Mazhai%20Kaalama%20%5bStarmusiq.xyz%5d.mp3
Kadhal Kaalam,,http://9xmusiq.com/file/songs/Tamil%20Songs/2015%20Tamil%20Mp3/Kadhal%20Kaalam%20(2015)/Unnai%20Parkkum%20%5bStarmusiq.xyz%5d.mp3
Kadhal Kaalam,,http://9xmusiq.com/file/songs/Tamil%20Songs/2015%20Tamil%20Mp3/Kadhal%20Kaalam%20(2015)/Kadhal%20Kaalam%20Theme%20%5bStarmusiq.xyz%5d.mp3
Kadhal Kaalam,,http://9xmusiq.com/file/songs/Tamil%20Songs/2015%20Tamil%20Mp3/Kadhal%20Kaalam%20(2015)/Vizhigal%20Vizhigal%20%5bStarmusiq.xyz%5d.mp3
Kadhal Kaalam,,http://9xmusiq.com/file/songs/Tamil%20Songs/2015%20Tamil%20Mp3/Kadhal%20Kaalam%20(2015)/Engeyo%20Ennai%20%5bStarmusiq.xyz%5d.mp3
Kadhal Kaalam,,http://9xmusiq.com/file/songs/Tamil%20Songs/2015%20Tamil%20Mp3/Kadhal%20Kaalam%20(2015)/Machanse%20Idhu%20Chance%20%5bStarmusiq.xyz%5d.mp3
Kanave Kalayathe,,http://9xmusiq.com/file/songs2/tamil/Kanave%20Kalayathe/Kanave%20Kalayathe%20%5bStarmusiq.cc%5d.mp3
Ivan Yarendru Therikiratha,2016,http://9xmusiq.com/file/songs/Tamil%20Songs/2016%20Tamil%20Mp3/Ivan%20Yarendru%20Therikiratha%20(2016)/Atha%20Ponnu%20%5bStarmusiq.xyz%5d.mp3
Ivan Yarendru Therikiratha,2016,http://9xmusiq.com/file/songs/Tamil%20Songs/2016%20Tamil%20Mp3/Ivan%20Yarendru%20Therikiratha%20(2016)/Aala%20Paaru%20Aala%20%5bStarmusiq.xyz%5d.mp3
Ivan Yarendru Therikiratha,2016,http://9xmusiq.com/file/songs/Tamil%20Songs/2016%20Tamil%20Mp3/Ivan%20Yarendru%20Therikiratha%20(2016)/Aana%20Poranthavan%20%5bStarmusiq.xyz%5d.mp3
Ivan Yarendru Therikiratha,2016,http://9xmusiq.com/file/songs/Tamil%20Songs/2016%20Tamil%20Mp3/Ivan%20Yarendru%20Therikiratha%20(2016)/Ponnala%20%5bStarmusiq.xyz%5d.mp3
Andhadhi,,http://9xmusiq.com/file/tamil/re_upload/Andhadhi/Mazhai_Azhaga%20%5bStarMusiQ.La%5d.mp3
Andhadhi,,http://9xmusiq.com/file/tamil/re_upload/Andhadhi/Kuzhal_Oodhi%20%5bStarMusiQ.La%5d.mp3
Andhadhi,,http://9xmusiq.com/file/tamil/re_upload/Andhadhi/Artecha_Theme_Music%20%5bStarMusiQ.La%5d.mp3
Andhadhi,,http://9xmusiq.com/file/tamil/re_upload/Andhadhi/Vaanavillileh%20%5bStarMusiQ.La%5d.mp3
Andhadhi,,http://9xmusiq.com/file/tamil/re_upload/Andhadhi/Anal_Meleh_Maname%20%5bStarMusiQ.La%5d.mp3
Andhadhi,,http://9xmusiq.com/file/tamil/re_upload/Andhadhi/Andhadhi_Theme_Music%20%5bStarMusiQ.La%5d.mp3
Andhadhi,,http://9xmusiq.com/file/tamil/re_upload/Andhadhi/Andhadhi%20%5bStarMusiQ.La%5d.mp3
Saravanan Engira Surya,,http://9xmusiq.com/file/songs/Tamil%20Songs/2014%20Tamil%20Mp3/Saravanan%20Engira%20Surya%20(2014)/Melinchu%20Pona%20II%20%5bStarmusiq.xyz%5d.mp3
Saravanan Engira Surya,,http://9xmusiq.com/file/songs/Tamil%20Songs/2014%20Tamil%20Mp3/Saravanan%20Engira%20Surya%20(2014)/Thavaniyil%20Tajmahal%20%5bStarmusiq.xyz%5d.mp3
Saravanan Engira Surya,,http://9xmusiq.com/file/songs/Tamil%20Songs/2014%20Tamil%20Mp3/Saravanan%20Engira%20Surya%20(2014)/Melinchu%20Pona%20%5bStarmusiq.xyz%5d.mp3
Saravanan Engira Surya,,http://9xmusiq.com/file/songs/Tamil%20Songs/2014%20Tamil%20Mp3/Saravanan%20Engira%20Surya%20(2014)/Santhayila%20Bajarula%20%5bStarmusiq.xyz%5d.mp3
Saravanan Engira Surya,,http://9xmusiq.com/file/songs/Tamil%20Songs/2014%20Tamil%20Mp3/Saravanan%20Engira%20Surya%20(2014)/Asathu%20Thadi%20%5bStarmusiq.xyz%5d.mp3
Saravanan Engira Surya,,http://9xmusiq.com/file/songs/Tamil%20Songs/2014%20Tamil%20Mp3/Saravanan%20Engira%20Surya%20(2014)/Ae%20Nanba%20Kelu%20%5bStarmusiq.xyz%5d.mp3
Kalkandu,,http://9xmusiq.com/file/songs/Tamil%20Songs/2014%20Tamil%20Mp3/Kalkandu%20(2014)/Paku%20Pottu%20Naaku%20Pochu%20%5bStarmusiq.xyz%5d.mp3
Kalkandu,,http://9xmusiq.com/file/songs/Tamil%20Songs/2014%20Tamil%20Mp3/Kalkandu%20(2014)/Veenus%20Vittu%20Kuthithu%20%5bStarmusiq.xyz%5d.mp3
Kalkandu,,http://9xmusiq.com/file/songs/Tamil%20Songs/2014%20Tamil%20Mp3/Kalkandu%20(2014)/Meene%20Vaasthu%20Meene%20%5bStarmusiq.xyz%5d.mp3
Kalkandu,,http://9xmusiq.com/file/songs/Tamil%20Songs/2014%20Tamil%20Mp3/Kalkandu%20(2014)/Kannoramai%20%5bStarmusiq.xyz%5d.mp3
Kalkandu,,http://9xmusiq.com/file/songs/Tamil%20Songs/2014%20Tamil%20Mp3/Kalkandu%20(2014)/Manam%20Kothi%20%5bStarmusiq.xyz%5d.mp3
Maalai Nerathu Mayakkam,,http://9xmusiq.com/file/songs/Tamil%20Songs/2015%20Tamil%20Mp3/Maalai%20Nerathu%20Mayakkam%20(2015)/Mokka%20Piece%20(Karaoke%20Version)%20%5bStarmusiq.xyz%5d.mp3
Maalai Nerathu Mayakkam,,http://9xmusiq.com/file/songs/Tamil%20Songs/2015%20Tamil%20Mp3/Maalai%20Nerathu%20Mayakkam%20(2015)/Mokka%20Piece%20%5bStarmusiq.xyz%5d.mp3
Maalai Nerathu Mayakkam,,http://9xmusiq.com/file/songs/Tamil%20Songs/2015%20Tamil%20Mp3/Maalai%20Nerathu%20Mayakkam%20(2015)/Maalai%20Nerathu%20Mayakkam%20%5bStarmusiq.xyz%5d.mp3
Maalai Nerathu Mayakkam,,http://9xmusiq.com/file/songs/Tamil%20Songs/2015%20Tamil%20Mp3/Maalai%20Nerathu%20Mayakkam%20(2015)/Sarakka%20(Karaoke%20Version)%20%5bStarmusiq.xyz%5d.mp3
Maalai Nerathu Mayakkam,,http://9xmusiq.com/file/songs/Tamil%20Songs/2015%20Tamil%20Mp3/Maalai%20Nerathu%20Mayakkam%20(2015)/Sarakka%20%5bStarmusiq.xyz%5d.mp3
Maalai Nerathu Mayakkam,,http://9xmusiq.com/file/songs/Tamil%20Songs/2015%20Tamil%20Mp3/Maalai%20Nerathu%20Mayakkam%20(2015)/The%20Return%20of%20Love%20(Theme%20Music)%20%5bStarmusiq.xyz%5d.mp3
Maalai Nerathu Mayakkam,,http://9xmusiq.com/file/songs/Tamil%20Songs/2015%20Tamil%20Mp3/Maalai%20Nerathu%20Mayakkam%20(2015)/Ennodu%20%5bStarmusiq.xyz%5d.mp3
Maalai Nerathu Mayakkam,,http://9xmusiq.com/file/songs/Tamil%20Songs/2015%20Tamil%20Mp3/Maalai%20Nerathu%20Mayakkam%20(2015)/Maalai%20Nerathu%20Mayakkam%20(Karaoke%20Version)%20%5bStarmusiq.xyz%5d.mp3
Maalai Nerathu Mayakkam,,http://9xmusiq.com/file/songs/Tamil%20Songs/2015%20Tamil%20Mp3/Maalai%20Nerathu%20Mayakkam%20(2015)/Two%20Opposites%20(Theme%20Music)%20%5bStarmusiq.xyz%5d.mp3
Maalai Nerathu Mayakkam,,http://9xmusiq.com/file/songs/Tamil%20Songs/2015%20Tamil%20Mp3/Maalai%20Nerathu%20Mayakkam%20(2015)/Mora%20Saiyya%20(Yeno%20Mounam)%20%5bStarmusiq.xyz%5d.mp3
Madhu Maadhu Soodhu,,http://9xmusiq.com/file/songs/Tamil%20Songs/2015%20Tamil%20Mp3/Madhu%20Maadhu%20Soodhu%20(2015)/Madhu%20Maadhu%20Soodhu%20%5bStarmusiq.xyz%5d.mp3
Madhu Maadhu Soodhu,,http://9xmusiq.com/file/songs/Tamil%20Songs/2015%20Tamil%20Mp3/Madhu%20Maadhu%20Soodhu%20(2015)/Cindrella%20%5bStarmusiq.xyz%5d.mp3
Madhu Maadhu Soodhu,,http://9xmusiq.com/file/songs/Tamil%20Songs/2015%20Tamil%20Mp3/Madhu%20Maadhu%20Soodhu%20(2015)/Artha%20Rathiri%20%5bStarmusiq.xyz%5d.mp3
Madhu Maadhu Soodhu,,http://9xmusiq.com/file/songs/Tamil%20Songs/2015%20Tamil%20Mp3/Madhu%20Maadhu%20Soodhu%20(2015)/Kanava%20Nee%20%5bStarmusiq.xyz%5d.mp3
Meaghamann,,http://9xmusiq.com/file/songs/Tamil%20Songs/2014%20Tamil%20Mp3/Meaghamann%20(2014)/Meaghamann%20%5bStarmusiq.xyz%5d.mp3
Meaghamann,,http://9xmusiq.com/file/songs/Tamil%20Songs/2014%20Tamil%20Mp3/Meaghamann%20(2014)/Meaghamann%20Theme%20%5bStarmusiq.xyz%5d.mp3
Meaghamann,,http://9xmusiq.com/file/songs/Tamil%20Songs/2014%20Tamil%20Mp3/Meaghamann%20(2014)/Yaen%20Ingu%20Vandhaan%20%5bStarmusiq.xyz%5d.mp3
Meaghamann,,http://9xmusiq.com/file/songs/Tamil%20Songs/2014%20Tamil%20Mp3/Meaghamann%20(2014)/Yaaro%20Yaaro%20%5bStarmusiq.xyz%5d.mp3
Thilagar,,http://9xmusiq.com/file/songs/Tamil%20Songs/2014%20Tamil%20Mp3/Thilagar%20(2014)/Uppu%20Katha%20%5bStarmusiq.xyz%5d.mp3
Thilagar,,http://9xmusiq.com/file/songs/Tamil%20Songs/2014%20Tamil%20Mp3/Thilagar%20(2014)/Kadamai%20Ondru%20%5bStarmusiq.xyz%5d.mp3
Thilagar,,http://9xmusiq.com/file/songs/Tamil%20Songs/2014%20Tamil%20Mp3/Thilagar%20(2014)/Oorellam%20Vettu%20Satham%20%5bStarmusiq.xyz%5d.mp3
Thilagar,,http://9xmusiq.com/file/songs/Tamil%20Songs/2014%20Tamil%20Mp3/Thilagar%20(2014)/Verichu%20Verichu%20%5bStarmusiq.xyz%5d.mp3
Thilagar,,http://9xmusiq.com/file/songs/Tamil%20Songs/2014%20Tamil%20Mp3/Thilagar%20(2014)/Vellavi%20Manasu%20%5bStarmusiq.xyz%5d.mp3
Thilagar,,http://9xmusiq.com/file/songs/Tamil%20Songs/2014%20Tamil%20Mp3/Thilagar%20(2014)/Bam%20Bim%20Bam%20%5bStarmusiq.xyz%5d.mp3
Thilagar,,http://9xmusiq.com/file/songs/Tamil%20Songs/2014%20Tamil%20Mp3/Thilagar%20(2014)/Eesal%20Pole%20%5bStarmusiq.xyz%5d.mp3
Thilagar,,http://9xmusiq.com/file/songs/Tamil%20Songs/2014%20Tamil%20Mp3/Thilagar%20(2014)/Aanai%20Koottam%20%5bStarmusiq.xyz%5d.mp3
Murugatrupadai,,http://9xmusiq.com/file/songs/Tamil%20Songs/2014%20Tamil%20Mp3/Murugatrupadai%20(2014)/Alagesaa%20%5bStarmusiq.xyz%5d.mp3
Murugatrupadai,,http://9xmusiq.com/file/songs/Tamil%20Songs/2014%20Tamil%20Mp3/Murugatrupadai%20(2014)/Vada%20Poda%20%5bStarmusiq.xyz%5d.mp3
Murugatrupadai,,http://9xmusiq.com/file/songs/Tamil%20Songs/2014%20Tamil%20Mp3/Murugatrupadai%20(2014)/Athiramthanda%20%5bStarmusiq.xyz%5d.mp3
Murugatrupadai,,http://9xmusiq.com/file/songs/Tamil%20Songs/2014%20Tamil%20Mp3/Murugatrupadai%20(2014)/Thalaye%20Va%20%5bStarmusiq.xyz%5d.mp3
Murugatrupadai,,http://9xmusiq.com/file/songs/Tamil%20Songs/2014%20Tamil%20Mp3/Murugatrupadai%20(2014)/Un%20Parvai%20%5bStarmusiq.xyz%5d.mp3
Palakkattu Madhavan,,http://9xmusiq.com/file/songs/Tamil%20Songs/2015%20Tamil%20Mp3/Palakkattu%20Madhavan%20(2015)/Uchi%20Mela%20Uchi%20Mela%20%5bStarmusiq.xyz%5d.mp3
Palakkattu Madhavan,,http://9xmusiq.com/file/songs/Tamil%20Songs/2015%20Tamil%20Mp3/Palakkattu%20Madhavan%20(2015)/Eppadi%20Irundhen%20%5bStarmusiq.xyz%5d.mp3
Palakkattu Madhavan,,http://9xmusiq.com/file/songs/Tamil%20Songs/2015%20Tamil%20Mp3/Palakkattu%20Madhavan%20(2015)/Santhoshame%20Endrum%20%5bStarmusiq.xyz%5d.mp3
Palakkattu Madhavan,,http://9xmusiq.com/file/songs/Tamil%20Songs/2015%20Tamil%20Mp3/Palakkattu%20Madhavan%20(2015)/Kannan%20Pol%20Unnai%20%5bStarmusiq.xyz%5d.mp3
Sowkarpettai,,http://9xmusiq.com/file/songs/Tamil%20Songs/2015%20Tamil%20Mp3/Sowkarpettai%20(2015)/Aiyyo%20Valikkudhe%20%5bStarmusiq.xyz%5d.mp3
Sowkarpettai,,http://9xmusiq.com/file/songs/Tamil%20Songs/2015%20Tamil%20Mp3/Sowkarpettai%20(2015)/Bhayam%20Bhayam%20%5bStarmusiq.xyz%5d.mp3
Sowkarpettai,,http://9xmusiq.com/file/songs/Tamil%20Songs/2015%20Tamil%20Mp3/Sowkarpettai%20(2015)/Indha%20Nodi%20%5bStarmusiq.xyz%5d.mp3
Sowkarpettai,,http://9xmusiq.com/file/songs/Tamil%20Songs/2015%20Tamil%20Mp3/Sowkarpettai%20(2015)/Modhi%20Parpaene%20%5bStarmusiq.xyz%5d.mp3
Gemini Ganeshanum Suruli Raajanum,,http://9xmusiq.com/file/songs2/tamil/Gemini%20Ganeshanum%20Suruli%20Raajanum/Vennila%20Thangachi%20%5bStarmusiq.info%5d.mp3
Gemini Ganeshanum Suruli Raajanum,,http://9xmusiq.com/file/songs2/tamil/Gemini%20Ganeshanum%20Suruli%20Raajanum/Kanmani%20%5bStarmusiq.info%5d.mp3
Gemini Ganeshanum Suruli Raajanum,,http://9xmusiq.com/file/songs2/tamil/Gemini%20Ganeshanum%20Suruli%20Raajanum/Thambi%20Cuttingu%20%5bStarmusiq.info%5d.mp3
Gemini Ganeshanum Suruli Raajanum,,http://9xmusiq.com/file/songs2/tamil/Gemini%20Ganeshanum%20Suruli%20Raajanum/Kanmani%20(Karaoke)%20%5bStarmusiq.info%5d.mp3
Gemini Ganeshanum Suruli Raajanum,,http://9xmusiq.com/file/songs2/tamil/Gemini%20Ganeshanum%20Suruli%20Raajanum/Ammukuttiye%20(Karaoke)%20%5bStarmusiq.info%5d.mp3
Gemini Ganeshanum Suruli Raajanum,,http://9xmusiq.com/file/songs2/tamil/Gemini%20Ganeshanum%20Suruli%20Raajanum/Aahaa%20Aahaa%20(Karaoke)%20%5bStarmusiq.info%5d.mp3
Gemini Ganeshanum Suruli Raajanum,,http://9xmusiq.com/file/songs2/tamil/Gemini%20Ganeshanum%20Suruli%20Raajanum/Ammukuttiye%20%5bStarmusiq.info%5d.mp3
Gemini Ganeshanum Suruli Raajanum,,http://9xmusiq.com/file/songs2/tamil/Gemini%20Ganeshanum%20Suruli%20Raajanum/Aahaa%20Aahaa%20%5bStarmusiq.info%5d.mp3
Idhu Enna Maayam,,http://9xmusiq.com/file/songs/Tamil%20Songs/2015%20Tamil%20Mp3/Idhu%20Enna%20Maayam%20(2015)/A%20Walk%20To%20Remember%20(Theme)%20%5bStarmusiq.xyz%5d.mp3
Idhu Enna Maayam,,http://9xmusiq.com/file/songs/Tamil%20Songs/2015%20Tamil%20Mp3/Idhu%20Enna%20Maayam%20(2015)/Iravaga%20Nee%20%5bStarmusiq.xyz%5d.mp3
Idhu Enna Maayam,,http://9xmusiq.com/file/songs/Tamil%20Songs/2015%20Tamil%20Mp3/Idhu%20Enna%20Maayam%20(2015)/Machi%20Machi%20%5bStarmusiq.xyz%5d.mp3
Idhu Enna Maayam,,http://9xmusiq.com/file/songs/Tamil%20Songs/2015%20Tamil%20Mp3/Idhu%20Enna%20Maayam%20(2015)/Sutrum%20Boomi%20Mele%20%20%5bStarmusiq.xyz%5d.mp3
Idhu Enna Maayam,,http://9xmusiq.com/file/songs/Tamil%20Songs/2015%20Tamil%20Mp3/Idhu%20Enna%20Maayam%20(2015)/Irukkirai%20%5bStarmusiq.xyz%5d.mp3
Azhagendra Sollukku Amudha,,http://9xmusiq.com/file/songs/Tamil%20Songs/2015%20Tamil%20Mp3/Azhagendra%20Sollukku%20Amudha%20(2015)/Vyasarpadi%20%5bStarmusiq.xyz%5d.mp3
Azhagendra Sollukku Amudha,,http://9xmusiq.com/file/songs/Tamil%20Songs/2015%20Tamil%20Mp3/Azhagendra%20Sollukku%20Amudha%20(2015)/Naan%20Kailankada%20(II)%20%5bStarmusiq.xyz%5d.mp3
Azhagendra Sollukku Amudha,,http://9xmusiq.com/file/songs/Tamil%20Songs/2015%20Tamil%20Mp3/Azhagendra%20Sollukku%20Amudha%20(2015)/Naan%20Kailankada%20(I)%20%5bStarmusiq.xyz%5d.mp3
Azhagendra Sollukku Amudha,,http://9xmusiq.com/file/songs/Tamil%20Songs/2015%20Tamil%20Mp3/Azhagendra%20Sollukku%20Amudha%20(2015)/Usura%20Adichi%20%5bStarmusiq.xyz%5d.mp3
Azhagendra Sollukku Amudha,,http://9xmusiq.com/file/songs/Tamil%20Songs/2015%20Tamil%20Mp3/Azhagendra%20Sollukku%20Amudha%20(2015)/En%20Devathaiyoda%20%5bStarmusiq.xyz%5d.mp3
7 Naatkal,,http://9xmusiq.com/file/songs2/tamil/7%20Naatkal%20128Kbps/7%20Naatkal%20Theme%20%5bStarmusiq.cc%5d.mp3
7 Naatkal,,http://9xmusiq.com/file/songs2/tamil/7%20Naatkal%20128Kbps/Kadhar%20Kadavul%20%5bStarmusiq.cc%5d.mp3
7 Naatkal,,http://9xmusiq.com/file/songs2/tamil/7%20Naatkal%20128Kbps/Podu%20Zip-a%20Podu%20%5bStarmusiq.cc%5d.mp3
7 Naatkal,,http://9xmusiq.com/file/songs2/tamil/7%20Naatkal%20128Kbps/Pudichirukka%20Ponne%20%5bStarmusiq.cc%5d.mp3
7 Naatkal,,http://9xmusiq.com/file/songs2/tamil/7%20Naatkal%20128Kbps/Kadhar%20Kadavul%20Theme%20%5bStarmusiq.cc%5d.mp3
Thiruttu Kalyanam,,http://9xmusiq.com/file/tamil/re_upload/Thiruttu_Kalyanam_2015/Kanavaa_Kanavaa%20%5bStarMusiQ.La%5d.mp3
Thiruttu Kalyanam,,http://9xmusiq.com/file/tamil/re_upload/Thiruttu_Kalyanam_2015/Kulamagalae_Kulamagalae%20%5bStarMusiQ.La%5d.mp3
Thiruttu Kalyanam,,http://9xmusiq.com/file/tamil/re_upload/Thiruttu_Kalyanam_2015/Kadhal_Sei_Kadhal_Sei%20%5bStarMusiQ.La%5d.mp3
Thiruttu Kalyanam,,http://9xmusiq.com/file/tamil/re_upload/Thiruttu_Kalyanam_2015/Chinna_Chinna_Manasuthaan%20%5bStarMusiQ.La%5d.mp3
Thiruttu Kalyanam,,http://9xmusiq.com/file/tamil/re_upload/Thiruttu_Kalyanam_2015/Aasamela_Aasa%20%5bStarMusiQ.La%5d.mp3
Lingaa,,http://9xmusiq.com/file/songs/Tamil%20Songs/2014%20Tamil%20Mp3/Lingaa%20(2014)/Unmaiorunaal%20Vellum%20%5bStarmusiq.xyz%5d.mp3
Lingaa,,http://9xmusiq.com/file/songs/Tamil%20Songs/2014%20Tamil%20Mp3/Lingaa%20(2014)/Oh%20Nanba%20%5bStarmusiq.xyz%5d.mp3
Lingaa,,http://9xmusiq.com/file/songs/Tamil%20Songs/2014%20Tamil%20Mp3/Lingaa%20(2014)/En%20Mannavva%20%5bStarmusiq.xyz%5d.mp3
Lingaa,,http://9xmusiq.com/file/songs/Tamil%20Songs/2014%20Tamil%20Mp3/Lingaa%20(2014)/Indianevaa%20%5bStarmusiq.xyz%5d.mp3
Lingaa,,http://9xmusiq.com/file/songs/Tamil%20Songs/2014%20Tamil%20Mp3/Lingaa%20(2014)/Mona%20Gasolina%20%5bStarmusiq.xyz%5d.mp3
Komban,,http://9xmusiq.com/file/songs/Tamil%20Songs/2015%20Tamil%20Mp3/Komban%20(2015)/Appappa%20%5bStarmusiq.xyz%5d.mp3
Komban,,http://9xmusiq.com/file/songs/Tamil%20Songs/2015%20Tamil%20Mp3/Komban%20(2015)/A%20Celebration%20(Theme)%20%5bStarmusiq.xyz%5d.mp3
Komban,,http://9xmusiq.com/file/songs/Tamil%20Songs/2015%20Tamil%20Mp3/Komban%20(2015)/Karuppu%20Nerathazhagi%20%5bStarmusiq.xyz%5d.mp3
Komban,,http://9xmusiq.com/file/songs/Tamil%20Songs/2015%20Tamil%20Mp3/Komban%20(2015)/Kambikara%20Vetti%20%5bStarmusiq.xyz%5d.mp3
Komban,,http://9xmusiq.com/file/songs/Tamil%20Songs/2015%20Tamil%20Mp3/Komban%20(2015)/Mella%20Valanjadhu%20%5bStarmusiq.xyz%5d.mp3
Ula,,http://9xmusiq.com/file/songs/Tamil%20Songs/2014%20Tamil%20Mp3/Ula%20(2014)/Ula%20Theme%20%5bStarmusiq.xyz%5d.mp3
Ula,,http://9xmusiq.com/file/songs/Tamil%20Songs/2014%20Tamil%20Mp3/Ula%20(2014)/Yen%20da%20(feat.%20Dwayne%20Bravo)%20%5bStarmusiq.xyz%5d.mp3
Ula,,http://9xmusiq.com/file/songs/Tamil%20Songs/2014%20Tamil%20Mp3/Ula%20(2014)/Ula%20%5bStarmusiq.xyz%5d.mp3
Ula,,http://9xmusiq.com/file/songs/Tamil%20Songs/2014%20Tamil%20Mp3/Ula%20(2014)/Egidu%20Thagidu%20%5bStarmusiq.xyz%5d.mp3
Demonte Colony,,http://9xmusiq.com/file/songs/Tamil%20Songs/2015%20Tamil%20Mp3/Demonte%20Colony%20(2015)/Dummy%20Piece%20%5bStarmusiq.xyz%5d.mp3
Demonte Colony,,http://9xmusiq.com/file/songs/Tamil%20Songs/2015%20Tamil%20Mp3/Demonte%20Colony%20(2015)/Oor%20Naal%20(Trap%20of%20The%20Beast)%20%5bStarmusiq.xyz%5d.mp3
Demonte Colony,,http://9xmusiq.com/file/songs/Tamil%20Songs/2015%20Tamil%20Mp3/Demonte%20Colony%20(2015)/Vaada%20Vaa%20Machi%20%5bStarmusiq.xyz%5d.mp3
Demonte Colony,,http://9xmusiq.com/file/songs/Tamil%20Songs/2015%20Tamil%20Mp3/Demonte%20Colony%20(2015)/The%20Curse%20Of%20Demonte%20%5bStarmusiq.xyz%5d.mp3
Demonte Colony,,http://9xmusiq.com/file/songs/Tamil%20Songs/2015%20Tamil%20Mp3/Demonte%20Colony%20(2015)/The%20Mystery%20Unfolds%20%5bStarmusiq.xyz%5d.mp3
Athibar,,http://9xmusiq.com/file/songs/Tamil%20Songs/2015%20Tamil%20Mp3/Athibar%20(2015)/En%20Kadhal%20Devadhai%20%5bStarmusiq.xyz%5d.mp3
Athibar,,http://9xmusiq.com/file/songs/Tamil%20Songs/2015%20Tamil%20Mp3/Athibar%20(2015)/Avala%20Avala%20%5bStarmusiq.xyz%5d.mp3
Athibar,,http://9xmusiq.com/file/songs/Tamil%20Songs/2015%20Tamil%20Mp3/Athibar%20(2015)/Athibar%20(Theme)%20%5bStarmusiq.xyz%5d.mp3
Athibar,,http://9xmusiq.com/file/songs/Tamil%20Songs/2015%20Tamil%20Mp3/Athibar%20(2015)/Poi%20Poi%20(Karaoke)%20%5bStarmusiq.xyz%5d.mp3
Athibar,,http://9xmusiq.com/file/songs/Tamil%20Songs/2015%20Tamil%20Mp3/Athibar%20(2015)/Athibar%20(Karaoke)%20%5bStarmusiq.xyz%5d.mp3
Athibar,,http://9xmusiq.com/file/songs/Tamil%20Songs/2015%20Tamil%20Mp3/Athibar%20(2015)/Poi%20Poi%20Ellam%20Poi%20%5bStarmusiq.xyz%5d.mp3
Athibar,,http://9xmusiq.com/file/songs/Tamil%20Songs/2015%20Tamil%20Mp3/Athibar%20(2015)/Avala%20Avala%20(Karaoke)%20%5bStarmusiq.xyz%5d.mp3
Athibar,,http://9xmusiq.com/file/songs/Tamil%20Songs/2015%20Tamil%20Mp3/Athibar%20(2015)/En%20Kadhal%20Devadhai%20(Karaoke)%20%5bStarmusiq.xyz%5d.mp3
Athibar,,http://9xmusiq.com/file/songs/Tamil%20Songs/2015%20Tamil%20Mp3/Athibar%20(2015)/Poi%20Poi%20%5bStarmusiq.xyz%5d.mp3
Kanavu Variyam,,http://www.9xmusiq.com/songs2/tamil/Kanavu-Variyam-128kbps/Nee-Paathi%20%5bStarmusiq.info%5d.mp3
Kanavu Variyam,,http://www.9xmusiq.com/songs2/tamil/Kanavu-Variyam-128kbps/Science-Is-Fun%20%5bStarmusiq.info%5d.mp3
Kanavu Variyam,,http://www.9xmusiq.com/songs2/tamil/Kanavu-Variyam-128kbps/Kalla-Manna%20%5bStarmusiq.info%5d.mp3
Kanavu Variyam,,http://www.9xmusiq.com/songs2/tamil/Kanavu-Variyam-128kbps/Kirukkan%20%5bStarmusiq.info%5d.mp3
Inji Iduppazhagi,,http://9xmusiq.com/file/songs/Tamil%20Songs/2015%20Tamil%20Mp3/Inji%20Iduppazhagi%20(2015)/Size%20Sexy%20%5bStarmusiq.xyz%5d.mp3
Inji Iduppazhagi,,http://9xmusiq.com/file/songs/Tamil%20Songs/2015%20Tamil%20Mp3/Inji%20Iduppazhagi%20(2015)/Size%20Zero%20%5bStarmusiq.xyz%5d.mp3
Inji Iduppazhagi,,http://9xmusiq.com/file/songs/Tamil%20Songs/2015%20Tamil%20Mp3/Inji%20Iduppazhagi%20(2015)/Kannaalam%20%5bStarmusiq.xyz%5d.mp3
Inji Iduppazhagi,,http://9xmusiq.com/file/songs/Tamil%20Songs/2015%20Tamil%20Mp3/Inji%20Iduppazhagi%20(2015)/Mella%20Mella%20%5bStarmusiq.xyz%5d.mp3
Inji Iduppazhagi,,http://9xmusiq.com/file/songs/Tamil%20Songs/2015%20Tamil%20Mp3/Inji%20Iduppazhagi%20(2015)/Cycle%20%5bStarmusiq.xyz%5d.mp3
Inji Iduppazhagi,,http://9xmusiq.com/file/songs/Tamil%20Songs/2015%20Tamil%20Mp3/Inji%20Iduppazhagi%20(2015)/Mella%20Mella%20Kalavu%20%5bStarmusiq.xyz%5d.mp3
Mundasupatti,,http://9xmusiq.com/file/songs/Tamil%20Songs/2014%20Tamil%20Mp3/Mundasupatti%20(2014)/Rasa%20Magarasa%20(Duet)%20%5bStarmusiq.xyz%5d.mp3
Mundasupatti,,http://9xmusiq.com/file/songs/Tamil%20Songs/2014%20Tamil%20Mp3/Mundasupatti%20(2014)/Ambala%20Singam%20%5bStarmusiq.xyz%5d.mp3
Mundasupatti,,http://9xmusiq.com/file/songs/Tamil%20Songs/2014%20Tamil%20Mp3/Mundasupatti%20(2014)/Killadi%20Oruthan%20%5bStarmusiq.xyz%5d.mp3
Mundasupatti,,http://9xmusiq.com/file/songs/Tamil%20Songs/2014%20Tamil%20Mp3/Mundasupatti%20(2014)/Kadhal%20Kanave%20%5bStarmusiq.xyz%5d.mp3http://9xmusiq.com/file/songs/Tamil%20Songs/2014%20Tamil%20Mp3/Mundasupatti%20(2014)/Kadhal%20Kanave%20%5bStarmusiq.xyz%5d.mp3
Mundasupatti,,http://9xmusiq.com/file/songs/Tamil%20Songs/2014%20Tamil%20Mp3/Mundasupatti%20(2014)/Idhu%20Enna%20%5bStarmusiq.xyz%5d.mp3
Mundasupatti,,http://9xmusiq.com/file/songs/Tamil%20Songs/2014%20Tamil%20Mp3/Mundasupatti%20(2014)/Uchiyila%20Udhichavane%20%5bStarmusiq.xyz%5d.mp3
Mundasupatti,,http://9xmusiq.com/file/songs/Tamil%20Songs/2014%20Tamil%20Mp3/Mundasupatti%20(2014)/Rasa%20Magarasa%20(Solo)%20%5bStarmusiq.xyz%5d.mp3
Thirunthuda Kadhal Thiruda,,http://9xmusiq.com/file/songs/Tamil%20Songs/2014%20Tamil%20Mp3/Thirunthuda%20Kadhal%20Thiruda%20(2014)/Oliyin%20%5bStarmusiq.xyz%5d.mp3
Thirunthuda Kadhal Thiruda,,http://9xmusiq.com/file/songs/Tamil%20Songs/2014%20Tamil%20Mp3/Thirunthuda%20Kadhal%20Thiruda%20(2014)/Sudumanal%20Parappile%20%5bStarmusiq.xyz%5d.mp3
Thirunthuda Kadhal Thiruda,,http://9xmusiq.com/file/songs/Tamil%20Songs/2014%20Tamil%20Mp3/Thirunthuda%20Kadhal%20Thiruda%20(2014)/Saalaigal%20%5bStarmusiq.xyz%5d.mp3
Thirunthuda Kadhal Thiruda,,http://9xmusiq.com/file/songs/Tamil%20Songs/2014%20Tamil%20Mp3/Thirunthuda%20Kadhal%20Thiruda%20(2014)/Aravind%20Meets%20Aparna%20(Theme)%20%5bStarmusiq.xyz%5d.mp3
Vedalam,,http://9xmusiq.com/file/songs/Tamil%20Songs/2015%20Tamil%20Mp3/Vedalam%20(2015)/Dont%20You%20Mess%20With%20Me%20%5BStarmusiq.xyz%5D.mp3
Vedalam,,http://9xmusiq.com/file/songs/Tamil%20Songs/2015%20Tamil%20Mp3/Vedalam%20(2015)/Veera%20Vinayaka%20%5BStarmusiq.xyz%5D.mp3
Vedalam,,http://9xmusiq.com/file/songs/Tamil%20Songs/2015%20Tamil%20Mp3/Vedalam%20(2015)/Aaluma%20Doluma%20%5BStarmusiq.xyz%5D.mp3
Vedalam,,http://9xmusiq.com/file/songs/Tamil%20Songs/2015%20Tamil%20Mp3/Vedalam%20(2015)/Uyir%20Nadhi%20Kalangudhe%20%5BStarmusiq.xyz%5D.mp3
Vedalam,,http://9xmusiq.com/file/songs/Tamil%20Songs/2015%20Tamil%20Mp3/Vedalam%20(2015)/The%20Theri%20Theme%20%5BStarmusiq.xyz%5D.mp3
Sivappu,,http://9xmusiq.com/file/songs/Tamil%20Songs/2014%20Tamil%20Mp3/Sivappu%20(2014)/Sadugudu%20Vizhiyil%20%5bStarmusiq.xyz%5d.mp3
Sivappu,,http://9xmusiq.com/file/songs/Tamil%20Songs/2014%20Tamil%20Mp3/Sivappu%20(2014)/Oru%20Ganam%20Vaanum%20(Reprise)%20%5bStarmusiq.xyz%5d.mp3
Sivappu,,http://9xmusiq.com/file/songs/Tamil%20Songs/2014%20Tamil%20Mp3/Sivappu%20(2014)/Kadavula%20Paru%20%5bStarmusiq.xyz%5d.mp3
Sivappu,,http://9xmusiq.com/file/songs/Tamil%20Songs/2014%20Tamil%20Mp3/Sivappu%20(2014)/Kodhikkudhu%20Manasu%20%5bStarmusiq.xyz%5d.mp3
Sivappu,,http://9xmusiq.com/file/songs/Tamil%20Songs/2014%20Tamil%20Mp3/Sivappu%20(2014)/Oru%20Ganam%20Vaanum%20%5bStarmusiq.xyz%5d.mp3
Yoogan,,http://9xmusiq.com/file/tamil/re_upload/Yoogan_160kbps/Yoogan_(Theme)%20%5bStarMusiq.La%5d.mp3
Yoogan,,http://9xmusiq.com/file/tamil/re_upload/Yoogan_160kbps/Breakup_Party%20%5bStarMusiq.La%5d.mp3
Yoogan,,http://9xmusiq.com/file/tamil/re_upload/Yoogan_160kbps/Yaaru_Yaaradi%20%5bStarMusiq.La%5d.mp3
Yoogan,,http://9xmusiq.com/file/tamil/re_upload/Yoogan_160kbps/Ajili_Bijili%20%5bStarMusiq.La%5d.mp3
Yoogan,,http://9xmusiq.com/file/tamil/re_upload/Yoogan_160kbps/Beer_Anthem%20%5bStarMusiq.La%5d.mp3
Eppodhum Vendran,,http://9xmusiq.com/file/songs/Tamil%20Songs/2013%20Tamil%20Mp3/Eppodhum%20Vendran%20(2013)/Kadhal%20Oru%20%5bStarmusiq.xyz%5d.mp3
Eppodhum Vendran,,http://9xmusiq.com/file/songs/Tamil%20Songs/2013%20Tamil%20Mp3/Eppodhum%20Vendran%20(2013)/Kadhalaiyum%20%5bStarmusiq.xyz%5d.mp3
Eppodhum Vendran,,http://9xmusiq.com/file/songs/Tamil%20Songs/2013%20Tamil%20Mp3/Eppodhum%20Vendran%20(2013)/Koyilile%20%5bStarmusiq.xyz%5d.mp3
Eppodhum Vendran,,http://9xmusiq.com/file/songs/Tamil%20Songs/2013%20Tamil%20Mp3/Eppodhum%20Vendran%20(2013)/Emma%20Emma%20%5bStarmusiq.xyz%5d.mp3
Eppodhum Vendran,,http://9xmusiq.com/file/songs/Tamil%20Songs/2013%20Tamil%20Mp3/Eppodhum%20Vendran%20(2013)/Ethana%20Murai%20%5bStarmusiq.xyz%5d.mp3
Eppodhum Vendran,,http://9xmusiq.com/file/songs/Tamil%20Songs/2013%20Tamil%20Mp3/Eppodhum%20Vendran%20(2013)/Jesus%20Magale%20%5bStarmusiq.xyz%5d.mp3
Pagadi Attam,,http://9xmusiq.com/file/songs2/tamil/Pagadi%20Attam/02%20Vachale%20Kaiye%20%5bStarmusiq.cc%5d.mp3
Pagadi Attam,,http://9xmusiq.com/file/songs2/tamil/Pagadi%20Attam/01%20Pookkal%20Methile%20%5bStarmusiq.cc%5d.mp3
Thoppi,,http://9xmusiq.com/file/tamil/re_upload/Thoppi_2015/Kolli_Malai%20%5bStarMusiQ.La%5d.mp3
Thoppi,,http://9xmusiq.com/file/tamil/re_upload/Thoppi_2015/Ichi_Ichi%20%5bStarMusiQ.La%5d.mp3
Thoppi,,http://9xmusiq.com/file/tamil/re_upload/Thoppi_2015/Paava_Patta%20%5bStarMusiQ.La%5d.mp3
Thoppi,,http://9xmusiq.com/file/tamil/re_upload/Thoppi_2015/Naan_Endru_Oru%20%5bStarMusiQ.La%5d.mp3
Thoppi,,http://9xmusiq.com/file/tamil/re_upload/Thoppi_2015/Thenum_Nalla%20%5bStarMusiQ.La%5d.mp3
Bramman,,http://9xmusiq.com/file/songs/Tamil%20Songs/2014%20Tamil%20Mp3/Bramman%20(2014)/Vaada%20Vaada%20Nanba%20%20%5bStarmusiq.xyz%5d.mp3
Bramman,,http://9xmusiq.com/file/songs/Tamil%20Songs/2014%20Tamil%20Mp3/Bramman%20(2014)/Un%20Kannai%20Parthale%20%5bStarmusiq.xyz%5d.mp3
Bramman,,http://9xmusiq.com/file/songs/Tamil%20Songs/2014%20Tamil%20Mp3/Bramman%20(2014)/Vodu%20Vodu%20Vodu%20%5bStarmusiq.xyz%5d.mp3
Bramman,,http://9xmusiq.com/file/songs/Tamil%20Songs/2014%20Tamil%20Mp3/Bramman%20(2014)/Vaanathile%20Nilavu%20%5bStarmusiq.xyz%5d.mp3
Bramman,,http://9xmusiq.com/file/songs/Tamil%20Songs/2014%20Tamil%20Mp3/Bramman%20(2014)/En%20Uyirin%20Uyiraga%20%5bStarmusiq.xyz%5d.mp3
Avam,,http://9xmusiq.com/file/songs/Tamil%20Songs/2015%20Tamil%20Mp3/Avam%20(2015)/Yaen%20Yennai%20%5bStarmusiq.xyz%5d.mp3
Avam,,http://9xmusiq.com/file/songs/Tamil%20Songs/2015%20Tamil%20Mp3/Avam%20(2015)/Thevaiya%20%5bStarmusiq.xyz%5d.mp3
Avam,,http://9xmusiq.com/file/songs/Tamil%20Songs/2015%20Tamil%20Mp3/Avam%20(2015)/Avam%20The%20Theme%20%5bStarmusiq.xyz%5d.mp3
Avam,,http://9xmusiq.com/file/songs/Tamil%20Songs/2015%20Tamil%20Mp3/Avam%20(2015)/Kaarirulae%20%5bStarmusiq.xyz%5d.mp3
Avam,,http://9xmusiq.com/file/songs/Tamil%20Songs/2015%20Tamil%20Mp3/Avam%20(2015)/Sana%20Sana%20%5bStarmusiq.xyz%5d.mp3
Avam,,http://9xmusiq.com/file/songs/Tamil%20Songs/2015%20Tamil%20Mp3/Avam%20(2015)/Thevaiya%20(Karaoke%20Version)%20%5bStarmusiq.xyz%5d.mp3
Avam,,http://9xmusiq.com/file/songs/Tamil%20Songs/2015%20Tamil%20Mp3/Avam%20(2015)/Kaarirulae%20(Karaoke%20Version)%20%5bStarmusiq.xyz%5d.mp3
Puriyatha Aanandham Puthithaga Aarambam,,http://9xmusiq.com/file/songs/Tamil%20Songs/2015%20Tamil%20Mp3/Puriyatha%20Aanandham%20Puthithaga%20Aarambam%20(2015)/You%20Are%20My%20Sunshine%20%5bStarmusiq.xyz%5d.mp3
Puriyatha Aanandham Puthithaga Aarambam,,http://9xmusiq.com/file/songs/Tamil%20Songs/2015%20Tamil%20Mp3/Puriyatha%20Aanandham%20Puthithaga%20Aarambam%20(2015)/Eecham%20Pazham%20%5bStarmusiq.xyz%5d.mp3
Puriyatha Aanandham Puthithaga Aarambam,,http://9xmusiq.com/file/songs/Tamil%20Songs/2015%20Tamil%20Mp3/Puriyatha%20Aanandham%20Puthithaga%20Aarambam%20(2015)/Dhooramo%20Vegu%20Dhooramo%20%5bStarmusiq.xyz%5d.mp3
Puriyatha Aanandham Puthithaga Aarambam,,http://9xmusiq.com/file/songs/Tamil%20Songs/2015%20Tamil%20Mp3/Puriyatha%20Aanandham%20Puthithaga%20Aarambam%20(2015)/Manjal%20Maalai%20%5bStarmusiq.xyz%5d.mp3
Puriyatha Aanandham Puthithaga Aarambam,,http://9xmusiq.com/file/songs/Tamil%20Songs/2015%20Tamil%20Mp3/Puriyatha%20Aanandham%20Puthithaga%20Aarambam%20(2015)/Dhum%20Dhum%20%5bStarmusiq.xyz%5d.mp3
Ivanuku Thannila Gandam,,http://9xmusiq.com/file/tamil/re_upload/Ivanuku_Thannila_Gandam_2015/Mappilla_Mappilla%20%5bStarMusiQ.La%5d.mp3
Ivanuku Thannila Gandam,,http://9xmusiq.com/file/tamil/re_upload/Ivanuku_Thannila_Gandam_2015/Epavumey_Vathadhuda%20%5bStarMusiQ.La%5d.mp3
Ivanuku Thannila Gandam,,http://9xmusiq.com/file/tamil/re_upload/Ivanuku_Thannila_Gandam_2015/Love_Vandha%20%5bStarMusiQ.La%5d.mp3
Ivanuku Thannila Gandam,,http://9xmusiq.com/file/tamil/re_upload/Ivanuku_Thannila_Gandam_2015/Yaarada%20%5bStarMusiQ.La%5d.mp3
Ivanuku Thannila Gandam,,http://9xmusiq.com/file/tamil/re_upload/Ivanuku_Thannila_Gandam_2015/The_Po_Mashup%20%5bStarMusiQ.La%5d.mp3
Athithi,,http://9xmusiq.com/file/songs/Tamil%20Songs/2014%20Tamil%20Mp3/Athithi%20(2014)/Shutter%20Moodum%20Nerathile%20(II)%20%5bStarmusiq.xyz%5d.mp3
Athithi,,http://9xmusiq.com/file/songs/Tamil%20Songs/2014%20Tamil%20Mp3/Athithi%20(2014)/Solla%20Solla%20Ullamengum%20%5bStarmusiq.xyz%5d.mp3
Athithi,,http://9xmusiq.com/file/songs/Tamil%20Songs/2014%20Tamil%20Mp3/Athithi%20(2014)/Jaipuril%20Jaipuril%20%5bStarmusiq.xyz%5d.mp3
Athithi,,http://9xmusiq.com/file/songs/Tamil%20Songs/2014%20Tamil%20Mp3/Athithi%20(2014)/Oru%20Vidai%20%5bStarmusiq.xyz%5d.mp3
Athithi,,http://9xmusiq.com/file/songs/Tamil%20Songs/2014%20Tamil%20Mp3/Athithi%20(2014)/Shutter%20Moodum%20Nerathile%20(I)%20%5bStarmusiq.xyz%5d.mp3
Gethu,,http://9xmusiq.com/file/songs/Tamil%20Songs/2015%20Tamil%20Mp3/Gethu%20(2015)/Adiye%20Adiye%20%5bStarmusiq.xyz%5d.mp3
Gethu,,http://9xmusiq.com/file/songs/Tamil%20Songs/2015%20Tamil%20Mp3/Gethu%20(2015)/Then%20Katru%20%5bStarmusiq.xyz%5d.mp3
Gethu,,http://9xmusiq.com/file/songs/Tamil%20Songs/2015%20Tamil%20Mp3/Gethu%20(2015)/Mutta%20Bhajji%20%5bStarmusiq.xyz%5d.mp3
Gethu,,http://9xmusiq.com/file/songs/Tamil%20Songs/2015%20Tamil%20Mp3/Gethu%20(2015)/Yevanda%20Ivan%20%5bStarmusiq.xyz%5d.mp3
Gethu,,http://9xmusiq.com/file/songs/Tamil%20Songs/2015%20Tamil%20Mp3/Gethu%20(2015)/Thillu%20Mullu%20%5bStarmusiq.xyz%5d.mp3
Vizhithiru,,http://9xmusiq.com/file/songs/Tamil%20Songs/2015%20Tamil%20Mp3/Vizhithiru%20(2015)/Stay%20Awake%20%5bStarmusiq.xyz%5d.mp3
Vizhithiru,,http://9xmusiq.com/file/songs/Tamil%20Songs/2015%20Tamil%20Mp3/Vizhithiru%20(2015)/Pon%20Vidhi%20%5bStarmusiq.xyz%5d.mp3
Vizhithiru,,http://9xmusiq.com/file/songs/Tamil%20Songs/2015%20Tamil%20Mp3/Vizhithiru%20(2015)/Papparappa%20%5bStarmusiq.xyz%5d.mp3
Vizhithiru,,http://9xmusiq.com/file/songs/Tamil%20Songs/2015%20Tamil%20Mp3/Vizhithiru%20(2015)/Vellai%20Irave%20Karoake%20%5bStarmusiq.xyz%5d.mp3
Vizhithiru,,http://9xmusiq.com/file/songs/Tamil%20Songs/2015%20Tamil%20Mp3/Vizhithiru%20(2015)/Kolai%20Vaall%20%5bStarmusiq.xyz%5d.mp3
Vizhithiru,,http://9xmusiq.com/file/songs/Tamil%20Songs/2015%20Tamil%20Mp3/Vizhithiru%20(2015)/Aazhi%20Alai%20Male%20Vocals%20%5bStarmusiq.xyz%5d.mp3
Vizhithiru,,http://9xmusiq.com/file/songs/Tamil%20Songs/2015%20Tamil%20Mp3/Vizhithiru%20(2015)/Aazhi%20Alai%20Female%20Vocals%20%5bStarmusiq.xyz%5d.mp3
Vizhithiru,,http://9xmusiq.com/file/songs/Tamil%20Songs/2015%20Tamil%20Mp3/Vizhithiru%20(2015)/Papparappa%20Karoake%20%5bStarmusiq.xyz%5d.mp3
Vizhithiru,,http://9xmusiq.com/file/songs/Tamil%20Songs/2015%20Tamil%20Mp3/Vizhithiru%20(2015)/Vellai%20Irave%20%5bStarmusiq.xyz%5d.mp3
Bayam Oru Payanam,2016,http://9xmusiq.com/file/songs/Tamil%20Songs/2016%20Tamil%20Mp3/Bayam%20Oru%20Payanam%20(2016)/Maayavi%20Penne%20%5bStarmusiq.cc%5d.mp3
Bayam Oru Payanam,2016,http://9xmusiq.com/file/songs/Tamil%20Songs/2016%20Tamil%20Mp3/Bayam%20Oru%20Payanam%20(2016)/Yaaradhu%20Yaaradhu%20%5bStarmusiq.cc%5d.mp3
Bayam Oru Payanam,2016,http://9xmusiq.com/file/songs/Tamil%20Songs/2016%20Tamil%20Mp3/Bayam%20Oru%20Payanam%20(2016)/Wish%20You%20A%20Happy%20New%20Year%20%5bStarmusiq.cc%5d.mp3
Bayam Oru Payanam,2016,http://9xmusiq.com/file/songs/Tamil%20Songs/2016%20Tamil%20Mp3/Bayam%20Oru%20Payanam%20(2016)/Aagasam%20Ponavarey%20%5bStarmusiq.cc%5d.mp3
Thupparivaalan,,http://9xmusiq.com/file/songs2/tamil/Thupparivaalan/Ivan%20Thupparivaalan%20%5bStarmusiq.info%5d.mp3
Thupparivaalan,,http://9xmusiq.com/file/songs2/tamil/Thupparivaalan/Thupparivaalan%20(Theme)%20%5bStarusiq.info%5d.mp3
Masss,,http://9xmusiq.com/file/songs/Tamil%20Songs/2015%20Tamil%20Mp3/Masss%20(2015)/Masss%20Theme%20%5bStarmusiq.xyz%5d.mp3
Masss,,http://9xmusiq.com/file/songs/Tamil%20Songs/2015%20Tamil%20Mp3/Masss%20(2015)/Poochandi%20%5bStarmusiq.xyz%5d.mp3
Masss,,http://9xmusiq.com/file/songs/Tamil%20Songs/2015%20Tamil%20Mp3/Masss%20(2015)/Therikkudhu%20Masss%20(Mix)%20%5bStarmusiq.xyz%5d.mp3
Masss,,http://9xmusiq.com/file/songs/Tamil%20Songs/2015%20Tamil%20Mp3/Masss%20(2015)/Con%20Man%20Theme%20%5bStarmusiq.xyz%5d.mp3
Masss,,http://9xmusiq.com/file/songs/Tamil%20Songs/2015%20Tamil%20Mp3/Masss%20(2015)/Naan%20Aval%20Illai%20%5bStarmusiq.xyz%5d.mp3
Masss,,http://9xmusiq.com/file/songs/Tamil%20Songs/2015%20Tamil%20Mp3/Masss%20(2015)/Therikkudhu%20Masss%20%5bStarmusiq.xyz%5d.mp3
Masss,,http://9xmusiq.com/file/songs/Tamil%20Songs/2015%20Tamil%20Mp3/Masss%20(2015)/Piravi%20%5bStarmusiq.xyz%5d.mp3
Aranmanai,,http://9xmusiq.com/file/songs/Tamil%20Songs/2014%20Tamil%20Mp3/Aranmanai%20(2014)/Peeche%20Peeche%20%5bStarmusiq.xyz%5d.mp3
Aranmanai,,http://9xmusiq.com/file/songs/Tamil%20Songs/2014%20Tamil%20Mp3/Aranmanai%20(2014)/Unnaiye%20Nambiye%20%5bStarmusiq.xyz%5d.mp3
Aranmanai,,http://9xmusiq.com/file/songs/Tamil%20Songs/2014%20Tamil%20Mp3/Aranmanai%20(2014)/Sonnathu%20Sonnathu%20Neethane%20%5bStarmusiq.xyz%5d.mp3
Aranmanai,,http://9xmusiq.com/file/songs/Tamil%20Songs/2014%20Tamil%20Mp3/Aranmanai%20(2014)/Kathi%20Parvakkari%20%5bStarmusiq.xyz%5d.mp3
Aranmanai,,http://9xmusiq.com/file/songs/Tamil%20Songs/2014%20Tamil%20Mp3/Aranmanai%20(2014)/Petromaxu%20Lightethan%20%5bStarmusiq.xyz%5d.mp3
Namadhu,2016,http://9xmusiq.com/file/songs/Tamil%20Songs/2016%20Tamil%20Mp3/Namadhu%20(2016)/Muthumani%20%5bStarmusiq.xyz%5d.mp3
Namadhu,2016,http://9xmusiq.com/file/songs/Tamil%20Songs/2016%20Tamil%20Mp3/Namadhu%20(2016)/Aasai%20%5bStarmusiq.xyz%5d.mp3
Namadhu,2016,http://9xmusiq.com/file/songs/Tamil%20Songs/2016%20Tamil%20Mp3/Namadhu%20(2016)/Tik%20Tik%20%5bStarmusiq.xyz%5d.mp3
Namadhu,2016,http://9xmusiq.com/file/songs/Tamil%20Songs/2016%20Tamil%20Mp3/Namadhu%20(2016)/Namadhandro%20%5bStarmusiq.xyz%5d.mp3
Namadhu,2016,http://9xmusiq.com/file/songs/Tamil%20Songs/2016%20Tamil%20Mp3/Namadhu%20(2016)/Kanneerile%20%5bStarmusiq.xyz%5d.mp3
Yagavarayinum Naa Kaakka,,http://9xmusiq.com/file/songs/Tamil%20Songs/2015%20Tamil%20Mp3/Yagavarayinum%20Naa%20Kaakka%20(2015)/Papparapampam%20%5bStarmusiq.xyz%5d.mp3
Yagavarayinum Naa Kaakka,,http://9xmusiq.com/file/songs/Tamil%20Songs/2015%20Tamil%20Mp3/Yagavarayinum%20Naa%20Kaakka%20(2015)/Sokkana%20Ponnu%20%5bStarmusiq.xyz%5d.mp3
Yagavarayinum Naa Kaakka,,http://9xmusiq.com/file/songs/Tamil%20Songs/2015%20Tamil%20Mp3/Yagavarayinum%20Naa%20Kaakka%20(2015)/Vidai%20Vidai%20%5bStarmusiq.xyz%5d.mp3
Yagavarayinum Naa Kaakka,,http://9xmusiq.com/file/songs/Tamil%20Songs/2015%20Tamil%20Mp3/Yagavarayinum%20Naa%20Kaakka%20(2015)/Singari%20Sokku%20Lady%20%5bStarmusiq.xyz%5d.mp3
Yagavarayinum Naa Kaakka,,http://9xmusiq.com/file/songs/Tamil%20Songs/2015%20Tamil%20Mp3/Yagavarayinum%20Naa%20Kaakka%20(2015)/Nee%20Sonna%20%5bStarmusiq.xyz%5d.mp3
Yagavarayinum Naa Kaakka,,http://9xmusiq.com/file/songs/Tamil%20Songs/2015%20Tamil%20Mp3/Yagavarayinum%20Naa%20Kaakka%20(2015)/Thozha%20Thozha%20%5bStarmusiq.xyz%5d.mp3
Meendum Oru Kadhal Kadhai,2016,http://9xmusiq.com/file/songs/Tamil%20Songs/2016%20Tamil%20Mp3/Meendum%20Oru%20Kadhal%20Kadhai%20(2016)/Mai%20Pottu%20(Karaoke)%20%5bStarmusiq.xyz%5d.mp3
Meendum Oru Kadhal Kadhai,2016,http://9xmusiq.com/file/songs/Tamil%20Songs/2016%20Tamil%20Mp3/Meendum%20Oru%20Kadhal%20Kadhai%20(2016)/Yen%20Nenjam%20%5bStarmusiq.xyz%5d.mp3
Meendum Oru Kadhal Kadhai,2016,http://9xmusiq.com/file/songs/Tamil%20Songs/2016%20Tamil%20Mp3/Meendum%20Oru%20Kadhal%20Kadhai%20(2016)/Mohini%20%5bStarmusiq.xyz%5d.mp3
Meendum Oru Kadhal Kadhai,2016,http://9xmusiq.com/file/songs/Tamil%20Songs/2016%20Tamil%20Mp3/Meendum%20Oru%20Kadhal%20Kadhai%20(2016)/Mai%20Pottu%20%5bStarmusiq.xyz%5d.mp3
Meendum Oru Kadhal Kadhai,2016,http://9xmusiq.com/file/songs/Tamil%20Songs/2016%20Tamil%20Mp3/Meendum%20Oru%20Kadhal%20Kadhai%20(2016)/Kuthala%20Kathaga%20%5bStarmusiq.xyz%5d.mp3
Meendum Oru Kadhal Kadhai,2016,http://9xmusiq.com/file/songs/Tamil%20Songs/2016%20Tamil%20Mp3/Meendum%20Oru%20Kadhal%20Kadhai%20(2016)/An%20Autumn%20Evening%20(Theme)%20%5bStarmusiq.xyz%5d.mp3
Meendum Oru Kadhal Kadhai,2016,http://9xmusiq.com/file/songs/Tamil%20Songs/2016%20Tamil%20Mp3/Meendum%20Oru%20Kadhal%20Kadhai%20(2016)/Hey%20Pennae%20%5bStarmusiq.xyz%5d.mp3
Meendum Oru Kadhal Kadhai,2016,http://9xmusiq.com/file/songs/Tamil%20Songs/2016%20Tamil%20Mp3/Meendum%20Oru%20Kadhal%20Kadhai%20(2016)/Yedhedho%20Pennae%20%5bStarmusiq.xyz%5d.mp3
Meendum Oru Kadhal Kadhai,2016,http://9xmusiq.com/file/songs/Tamil%20Songs/2016%20Tamil%20Mp3/Meendum%20Oru%20Kadhal%20Kadhai%20(2016)/Mohini%20(Karaoke)%20%5bStarmusiq.xyz%5d.mp3
Darling,,http://9xmusiq.com/file/songs/Tamil%20Songs/2014%20Tamil%20Mp3/Darling%20(2014)/Un%20Vizhigalil%20%5bStarmusiq.xyz%5d.mp3
Darling,,http://9xmusiq.com/file/songs/Tamil%20Songs/2014%20Tamil%20Mp3/Darling%20(2014)/Anbe%20Anbe%20%5bStarmusiq.xyz%5d.mp3
Darling,,http://9xmusiq.com/file/songs/Tamil%20Songs/2014%20Tamil%20Mp3/Darling%20(2014)/Unnale%20%5bStarmusiq.xyz%5d.mp3
Darling,,http://9xmusiq.com/file/songs/Tamil%20Songs/2014%20Tamil%20Mp3/Darling%20(2014)/Sattena%20Idi%20Mazhai%20%5bStarmusiq.xyz%5d.mp3
Darling,,http://9xmusiq.com/file/songs/Tamil%20Songs/2014%20Tamil%20Mp3/Darling%20(2014)/Vandha%20Mala%20%5bStarmusiq.xyz%5d.mp3
Darling,,http://9xmusiq.com/file/songs/Tamil%20Songs/2014%20Tamil%20Mp3/Darling%20(2014)/The%20Dead%20Are%20Back%20Darling%20Theme%20%5bStarmusiq.xyz%5d.mp3
Kallappadam,,http://9xmusiq.com/file/tamil/re_upload/Kallappadam_2015/Kuppanne_Kuppanne%20%5bStarMusiQ.La%5d.mp3
Kallappadam,,http://9xmusiq.com/file/tamil/re_upload/Kallappadam_2015/Vizhithidu%20%5bStarMusiQ.La%5d.mp3
Kallappadam,,http://9xmusiq.com/file/tamil/re_upload/Kallappadam_2015/Vellaikkara_Rani%20%5bStarMusiQ.La%5d.mp3
Kallappadam,,http://9xmusiq.com/file/tamil/re_upload/Kallappadam_2015/Hey_Nanba%20%5bStarMusiQ.La%5d.mp3
Kallappadam,,http://9xmusiq.com/file/tamil/re_upload/Kallappadam_2015/Ilangathe%20%5bStarMusiQ.La%5d.mp3
Thirudan Police,,http://9xmusiq.com/file/songs/Tamil%20Songs/2014%20Tamil%20Mp3/Thirudan%20Police%20(2014)/Moodu%20Panikkul%20%5bStarmusiq.xyz%5d.mp3
Thirudan Police,,http://9xmusiq.com/file/songs/Tamil%20Songs/2014%20Tamil%20Mp3/Thirudan%20Police%20(2014)/Deivam%20Enbadhenna%20(II)%20%5bStarmusiq.xyz%5d.mp3
Thirudan Police,,http://9xmusiq.com/file/songs/Tamil%20Songs/2014%20Tamil%20Mp3/Thirudan%20Police%20(2014)/Deivam%20Enbadhenna%20(I)%20%5bStarmusiq.xyz%5d.mp3
Thirudan Police,,http://9xmusiq.com/file/songs/Tamil%20Songs/2014%20Tamil%20Mp3/Thirudan%20Police%20(2014)/Pesadhe%20%5bStarmusiq.xyz%5d.mp3
Thirudan Police,,http://9xmusiq.com/file/songs/Tamil%20Songs/2014%20Tamil%20Mp3/Thirudan%20Police%20(2014)/Ennodu%20Va%20%5bStarmusiq.xyz%5d.mp3
Vinothan,,http://9xmusiq.com/file/songs/Tamil%20Songs/2017%20Tamil%20Mp3/Vinothan%20(2017)/Palindrome%20%5bStarmusiq.cc%5d.mp3
Sandi Kuthirai,2016,http://9xmusiq.com/file/songs/Tamil%20Songs/2016%20Tamil%20Mp3/Sandi%20Kuthirai%20(2016)/Achacho%20Aasai%20%5bStarmusiq.cc%5d.mp3
Sandi Kuthirai,2016,http://9xmusiq.com/file/songs/Tamil%20Songs/2016%20Tamil%20Mp3/Sandi%20Kuthirai%20(2016)/Nilavenge%20%5bStarmusiq.cc%5d.mp3
Sandi Kuthirai,2016,http://9xmusiq.com/file/songs/Tamil%20Songs/2016%20Tamil%20Mp3/Sandi%20Kuthirai%20(2016)/Adikkura%20Ootha%20%5bStarmusiq.cc%5d.mp3
Sandi Kuthirai,2016,http://9xmusiq.com/file/songs/Tamil%20Songs/2016%20Tamil%20Mp3/Sandi%20Kuthirai%20(2016)/Sandikuthirai%20Theme%20%5bStarmusiq.cc%5d.mp3
Sandi Kuthirai,2016,http://9xmusiq.com/file/songs/Tamil%20Songs/2016%20Tamil%20Mp3/Sandi%20Kuthirai%20(2016)/Nee%20Oru%20%5bStarmusiq.cc%5d.mp3
Sandi Kuthirai,2016,http://9xmusiq.com/file/songs/Tamil%20Songs/2016%20Tamil%20Mp3/Sandi%20Kuthirai%20(2016)/Ennulle%20Ennulle%20%5bStarmusiq.cc%5d.mp3
Adida Melam,,http://9xmusiq.com/file/songs/Tamil%20Songs/2015%20Tamil%20Mp3/Adida%20Melam%20(2015)/Mangkuyilea%20Punkuyilae%20%5bStarmusiq.xyz%5d.mp3
Adida Melam,,http://9xmusiq.com/file/songs/Tamil%20Songs/2015%20Tamil%20Mp3/Adida%20Melam%20(2015)/Yeannantho%20Yeadhanatho%20%5bStarmusiq.xyz%5d.mp3
Adida Melam,,http://9xmusiq.com/file/songs/Tamil%20Songs/2015%20Tamil%20Mp3/Adida%20Melam%20(2015)/Theme%20Music%20%5bStarmusiq.xyz%5d.mp3
Adida Melam,,http://9xmusiq.com/file/songs/Tamil%20Songs/2015%20Tamil%20Mp3/Adida%20Melam%20(2015)/Hawa%20Hawa%20%5bStarmusiq.xyz%5d.mp3
Adida Melam,,http://9xmusiq.com/file/songs/Tamil%20Songs/2015%20Tamil%20Mp3/Adida%20Melam%20(2015)/Melathalam%20%5bStarmusiq.xyz%5d.mp3
Idhu Kathirvelan Kadhal,,http://9xmusiq.com/file/songs/Tamil%20Songs/2014%20Tamil%20Mp3/Idhu%20Kathirvelan%20Kadhal%20(2014)/Pallakku%20Devadhaiya%20%5bStarmusiq.xyz%5d.mp3
Idhu Kathirvelan Kadhal,,http://9xmusiq.com/file/songs/Tamil%20Songs/2014%20Tamil%20Mp3/Idhu%20Kathirvelan%20Kadhal%20(2014)/Maleay%20Maleay%20%5bStarmusiq.xyz%5d.mp3
Idhu Kathirvelan Kadhal,,http://9xmusiq.com/file/songs/Tamil%20Songs/2014%20Tamil%20Mp3/Idhu%20Kathirvelan%20Kadhal%20(2014)/Anbe%20Anbe%20%5bStarmusiq.xyz%5d.mp3
Idhu Kathirvelan Kadhal,,http://9xmusiq.com/file/songs/Tamil%20Songs/2014%20Tamil%20Mp3/Idhu%20Kathirvelan%20Kadhal%20(2014)/Sara%20Sara%20Saravedi%20%5bStarmusiq.xyz%5d.mp3
Idhu Kathirvelan Kadhal,,http://9xmusiq.com/file/songs/Tamil%20Songs/2014%20Tamil%20Mp3/Idhu%20Kathirvelan%20Kadhal%20(2014)/Vizhiye%20Vizhiye%20%5bStarmusiq.xyz%5d.mp3
Aambala,,http://9xmusiq.com/file/songs/Tamil%20Songs/2014%20Tamil%20Mp3/Aambala%20(2014)/Aye%20Aye%20Aye%20%5bStarmusiq.xyz%5d.mp3
Aambala,,http://9xmusiq.com/file/songs/Tamil%20Songs/2014%20Tamil%20Mp3/Aambala%20(2014)/Va%20Va%20Va%20Vannila%20%5bStarmusiq.xyz%5d.mp3
Aambala,,http://9xmusiq.com/file/songs/Tamil%20Songs/2014%20Tamil%20Mp3/Aambala%20(2014)/Madras%20To%20Madurai%20%5bStarmusiq.xyz%5d.mp3
Aambala,,http://9xmusiq.com/file/songs/Tamil%20Songs/2014%20Tamil%20Mp3/Aambala%20(2014)/Inbum%20Pongum%20Vennila%20%5bStarmusiq.xyz%5d.mp3
Aambala,,http://9xmusiq.com/file/songs/Tamil%20Songs/2014%20Tamil%20Mp3/Aambala%20(2014)/Yaarenna%20Sonnalum%20%5bStarmusiq.xyz%5d.mp3
Aambala,,http://9xmusiq.com/file/songs/Tamil%20Songs/2014%20Tamil%20Mp3/Aambala%20(2014)/Pazhagikalam%20%5bStarmusiq.xyz%5d.mp3
Maya,,http://9xmusiq.com/file/songs/Tamil%20Songs/2015%20Tamil%20Mp3/Maya%20(2015)/Thoonga%20Kangal%20%5bStarmusiq.xyz%5d.mp3
Maya,,http://9xmusiq.com/file/songs/Tamil%20Songs/2015%20Tamil%20Mp3/Maya%20(2015)/Naanae%20Varuvaen%20%5bStarmusiq.xyz%5d.mp3
Maya,,http://9xmusiq.com/file/songs/Tamil%20Songs/2015%20Tamil%20Mp3/Maya%20(2015)/Dark%20Hours%20(Instrumental)%20%5bStarmusiq.xyz%5d.mp3
Maya,,http://9xmusiq.com/file/songs/Tamil%20Songs/2015%20Tamil%20Mp3/Maya%20(2015)/Aayiram%20Aayiram%20%5bStarmusiq.xyz%5d.mp3
Maya,,http://9xmusiq.com/file/songs/Tamil%20Songs/2015%20Tamil%20Mp3/Maya%20(2015)/Always%20A%20Woman%20(Instrumental)%20%5bStarmusiq.xyz%5d.mp3
Maya,,http://9xmusiq.com/file/songs/Tamil%20Songs/2015%20Tamil%20Mp3/Maya%20(2015)/Hope%20&%20Despair%20(Instrumental)%20%5bStarmusiq.xyz%5d.mp3
Mapla Singam,,http://9xmusiq.com/file/tamil/re_upload/Mapla_Singam_2015/Edhuvumae_Thonnale%20%5bStarMusiQ.La%5d.mp3
Mapla Singam,,http://9xmusiq.com/file/tamil/re_upload/Mapla_Singam_2015/Kaara_Karuuna%20%5bStarMusiQ.La%5d.mp3
Mapla Singam,,http://9xmusiq.com/file/tamil/re_upload/Mapla_Singam_2015/Edhukku_Machan%20%5bStarMusiQ.La%5d.mp3
Isai,,http://9xmusiq.com/file/songs/Tamil%20Songs/2014%20Tamil%20Mp3/Isai%20(2014)/Nee%20Poiya%20%5bStarmusiq.xyz%5d.mp3
Isai,,http://9xmusiq.com/file/songs/Tamil%20Songs/2014%20Tamil%20Mp3/Isai%20(2014)/She%20Is%20His%20Piano%20(Theme)%20%5bStarmusiq.xyz%5d.mp3
Isai,,http://9xmusiq.com/file/songs/Tamil%20Songs/2014%20Tamil%20Mp3/Isai%20(2014)/Dirty%20Dancing%20%5bStarmusiq.xyz%5d.mp3
Isai,,http://9xmusiq.com/file/songs/Tamil%20Songs/2014%20Tamil%20Mp3/Isai%20(2014)/Isai%20Veesi%20%5bStarmusiq.xyz%5d.mp3
Isai,,http://9xmusiq.com/file/songs/Tamil%20Songs/2014%20Tamil%20Mp3/Isai%20(2014)/Lip%20Lock%20(Theme)%20%5bStarmusiq.xyz%5d.mp3
Isai,,http://9xmusiq.com/file/songs/Tamil%20Songs/2014%20Tamil%20Mp3/Isai%20(2014)/Ba:%20(Theme)%20%5bStarmusiq.xyz%5d.mp3
Isai,,http://9xmusiq.com/file/songs/Tamil%20Songs/2014%20Tamil%20Mp3/Isai%20(2014)/Puthandin%20%5bStarmusiq.xyz%5d.mp3
Isai,,http://9xmusiq.com/file/songs/Tamil%20Songs/2014%20Tamil%20Mp3/Isai%20(2014)/Adho%20Vanile%20Nila%20%5bStarmusiq.xyz%5d.mp3
Orange Mittai,,http://9xmusiq.com/file/songs/Tamil%20Songs/2015%20Tamil%20Mp3/Orange%20Mittai%20(2015)/Payanangal%20Thodarudhae%20%5bStarmusiq.xyz%5d.mp3
Orange Mittai,,http://9xmusiq.com/file/songs/Tamil%20Songs/2015%20Tamil%20Mp3/Orange%20Mittai%20(2015)/Straight%20Ah%20Poyee%20%5bStarmusiq.xyz%5d.mp3
Orange Mittai,,http://9xmusiq.com/file/songs/Tamil%20Songs/2015%20Tamil%20Mp3/Orange%20Mittai%20(2015)/Theeraadhae%20Aasaigal%20%5bStarmusiq.xyz%5d.mp3
Orange Mittai,,http://9xmusiq.com/file/songs/Tamil%20Songs/2015%20Tamil%20Mp3/Orange%20Mittai%20(2015)/Orae%20Oru%20Oorula%20%5bStarmusiq.xyz%5d.mp3
Burma,,http://9xmusiq.com/file/songs/Tamil%20Songs/2014%20Tamil%20Mp3/Burma%20(2014)/Run%20For%20Money%20Dude%20%5bStarmusiq.xyz%5d.mp3
Burma,,http://9xmusiq.com/file/songs/Tamil%20Songs/2014%20Tamil%20Mp3/Burma%20(2014)/Kings%20Of%20Garage%20(Theme)%20%5bStarmusiq.xyz%5d.mp3
Burma,,http://9xmusiq.com/file/songs/Tamil%20Songs/2014%20Tamil%20Mp3/Burma%20(2014)/Counting%20D%20Cars%20%5bStarmusiq.xyz%5d.mp3
Burma,,http://9xmusiq.com/file/songs/Tamil%20Songs/2014%20Tamil%20Mp3/Burma%20(2014)/Kalavu%20Pona%20Nilavu%20%5bStarmusiq.xyz%5d.mp3
Burma,,http://9xmusiq.com/file/songs/Tamil%20Songs/2014%20Tamil%20Mp3/Burma%20(2014)/En%20Moochum%20Venam%20%5bStarmusiq.xyz%5d.mp3
Burma,,http://9xmusiq.com/file/songs/Tamil%20Songs/2014%20Tamil%20Mp3/Burma%20(2014)/Vaddi%20%5bStarmusiq.xyz%5d.mp3
Burma,,http://9xmusiq.com/file/songs/Tamil%20Songs/2014%20Tamil%20Mp3/Burma%20(2014)/Jungle%20In%20The%20City%20%5bStarmusiq.xyz%5d.mp3
Burma,,http://9xmusiq.com/file/songs/Tamil%20Songs/2014%20Tamil%20Mp3/Burma%20(2014)/Seizing%20Mania%20%5bStarmusiq.xyz%5d.mp3
Saivam,,http://9xmusiq.com/file/songs/Tamil%20Songs/2014%20Tamil%20Mp3/Saivam%20(2014)/Kokkara%20Kozhi%20%5bStarmusiq.xyz%5d.mp3
Saivam,,http://9xmusiq.com/file/songs/Tamil%20Songs/2014%20Tamil%20Mp3/Saivam%20(2014)/Moments%20Of%20Life%20%5bStarmusiq.xyz%5d.mp3
Saivam,,http://9xmusiq.com/file/songs/Tamil%20Songs/2014%20Tamil%20Mp3/Saivam%20(2014)/Azhagu%20(M)%20%5bStarmusiq.xyz%5d.mp3
Saivam,,http://9xmusiq.com/file/songs/Tamil%20Songs/2014%20Tamil%20Mp3/Saivam%20(2014)/Azhagu%20(F)%20%5bStarmusiq.xyz%5d.mp3
Saivam,,http://9xmusiq.com/file/songs/Tamil%20Songs/2014%20Tamil%20Mp3/Saivam%20(2014)/Ore%20Oru%20Ooril%20%5bStarmusiq.xyz%5d.mp3
Selvi,2016,http://9xmusiq.com/file/songs/Tamil%20Songs/2016%20Tamil%20Mp3/Selvi%20(2016)/Tip%20Top%20%5bStarmusiq.cc%5d.mp3
Selvi,2016,http://9xmusiq.com/file/songs/Tamil%20Songs/2016%20Tamil%20Mp3/Selvi%20(2016)/Thangame%20%5bStarmusiq.cc%5d.mp3
Selvi,2016,http://9xmusiq.com/file/songs/Tamil%20Songs/2016%20Tamil%20Mp3/Selvi%20(2016)/Dil%20Irundha%20Vaada%20%5bStarmusiq.cc%5d.mp3
Selvi,2016,http://9xmusiq.com/file/songs/Tamil%20Songs/2016%20Tamil%20Mp3/Selvi%20(2016)/Kaadil%20Kaadil%20%5bStarmusiq.cc%5d.mp3
Selvi,2016,http://9xmusiq.com/file/songs/Tamil%20Songs/2016%20Tamil%20Mp3/Selvi%20(2016)/Snehidano%20Sevagano%20%5bStarmusiq.cc%5d.mp3
Selvi,2016,http://9xmusiq.com/file/songs/Tamil%20Songs/2016%20Tamil%20Mp3/Selvi%20(2016)/Malligai%20Pandhale%20%5bStarmusiq.cc%5d.mp3
Idam Porul Yeaval,,http://9xmusiq.com/file/songs/Tamil%20Songs/2014%20Tamil%20Mp3/Idam%20Porul%20Yeaval%20(2014)/Vaiyambatti%20%5bStarmusiq.xyz%5d.mp3
Idam Porul Yeaval,,http://9xmusiq.com/file/songs/Tamil%20Songs/2014%20Tamil%20Mp3/Idam%20Porul%20Yeaval%20(2014)/Kurunthogai%20%5bStarmusiq.xyz%5d.mp3
Idam Porul Yeaval,,http://9xmusiq.com/file/songs/Tamil%20Songs/2014%20Tamil%20Mp3/Idam%20Porul%20Yeaval%20(2014)/Endha%20Vazhi%20%5bStarmusiq.xyz%5d.mp3
Idam Porul Yeaval,,http://9xmusiq.com/file/songs/Tamil%20Songs/2014%20Tamil%20Mp3/Idam%20Porul%20Yeaval%20(2014)/Kondattame%20%5bStarmusiq.xyz%5d.mp3
Idam Porul Yeaval,,http://9xmusiq.com/file/songs/Tamil%20Songs/2014%20Tamil%20Mp3/Idam%20Porul%20Yeaval%20(2014)/Athuvana%20Katrukku%20%5bStarmusiq.xyz%5d.mp3
Idam Porul Yeaval,,http://9xmusiq.com/file/songs/Tamil%20Songs/2014%20Tamil%20Mp3/Idam%20Porul%20Yeaval%20(2014)/Eerakkathe%20%5bStarmusiq.xyz%5d.mp3
Imaikkaa Nodigal,,http://9xmusiq.com/file/songs2/tamil/Imaikkaa%20Nodigal/Kadhalikathey%20%5bStarmusiq.La%5d.mp3
Imaikkaa Nodigal,,http://9xmusiq.com/file/2018/tamil/Imaikkaa%20Nodigal/Vilambara%20Idaiveli%20%5bStarMusiq.xyz%5d.mp3
Kathai Thiraikathai Vasanam Iyakkam,,http://9xmusiq.com/file/songs/Tamil%20Songs/2014%20Tamil%20Mp3/Kathai%20Thiraikathai%20Vasanam%20Iyakkam%20(2014)/Pen%20Megam%20Pola%20(II)%20%5bStarmusiq.xyz%5d.mp3
Kathai Thiraikathai Vasanam Iyakkam,,http://9xmusiq.com/file/songs/Tamil%20Songs/2014%20Tamil%20Mp3/Kathai%20Thiraikathai%20Vasanam%20Iyakkam%20(2014)/Kadhai%20Thiraikadhai%20Vasanam%20Iyakkam%20%5bStarmusiq.xyz%5d.mp3
Kathai Thiraikathai Vasanam Iyakkam,,http://9xmusiq.com/file/songs/Tamil%20Songs/2014%20Tamil%20Mp3/Kathai%20Thiraikathai%20Vasanam%20Iyakkam%20(2014)/A%20For%20Azhagirukku%20%5bStarmusiq.xyz%5d.mp3
Kathai Thiraikathai Vasanam Iyakkam,,http://9xmusiq.com/file/songs/Tamil%20Songs/2014%20Tamil%20Mp3/Kathai%20Thiraikathai%20Vasanam%20Iyakkam%20(2014)/Pen%20Megam%20Pola%20(I)%20%5bStarmusiq.xyz%5d.mp3
Kathai Thiraikathai Vasanam Iyakkam,,http://9xmusiq.com/file/songs/Tamil%20Songs/2014%20Tamil%20Mp3/Kathai%20Thiraikathai%20Vasanam%20Iyakkam%20(2014)/Live%20The%20Moment%20%5bStarmusiq.xyz%5d.mp3
Kakki Sattai,,http://9xmusiq.com/file/songs/Tamil%20Songs/2014%20Tamil%20Mp3/Kakki%20Sattai%20(2014)/Kakki%20Sattai%20(Theme%20Music)%20%5bStarmusiq.xyz%5d.mp3
Kakki Sattai,,http://9xmusiq.com/file/songs/Tamil%20Songs/2014%20Tamil%20Mp3/Kakki%20Sattai%20(2014)/Im%20So%20Cool%20%5bStarmusiq.xyz%5d.mp3
Kakki Sattai,,http://9xmusiq.com/file/songs/Tamil%20Songs/2014%20Tamil%20Mp3/Kakki%20Sattai%20(2014)/Kakki%20Sattai%20%5bStarmusiq.xyz%5d.mp3
Kakki Sattai,,http://9xmusiq.com/file/songs/Tamil%20Songs/2014%20Tamil%20Mp3/Kakki%20Sattai%20(2014)/Kadhal%20Kan%20Kattudhe%20%5bStarmusiq.xyz%5d.mp3
Kakki Sattai,,http://9xmusiq.com/file/songs/Tamil%20Songs/2014%20Tamil%20Mp3/Kakki%20Sattai%20(2014)/Shake%20That%20%5bStarmusiq.xyz%5d.mp3
Kakki Sattai,,http://9xmusiq.com/file/songs/Tamil%20Songs/2014%20Tamil%20Mp3/Kakki%20Sattai%20(2014)/Kattikida%20%5bStarmusiq.xyz%5d.mp3
Kakki Sattai,,http://9xmusiq.com/file/songs/Tamil%20Songs/2014%20Tamil%20Mp3/Kakki%20Sattai%20(2014)/The%20Trooper%20Theme%20%5bStarmusiq.xyz%5d.mp3
10 Endrathukulla,,http://9xmusiq.com/file/songs/Tamil%20Songs/2015%20Tamil%20Mp3/10%20Endrathukulla%20(2015)/Vroom%20Vroom%20(Karaoke)%20%5bStarmusiq.xyz%5d.mp3
10 Endrathukulla,,http://9xmusiq.com/file/songs/Tamil%20Songs/2015%20Tamil%20Mp3/10%20Endrathukulla%20(2015)/Aanalum%20Indha%20(Karaoke)%20%5bStarmusiq.xyz%5d.mp3
10 Endrathukulla,,http://9xmusiq.com/file/songs/Tamil%20Songs/2015%20Tamil%20Mp3/10%20Endrathukulla%20(2015)/Pathu%20Endradhukkulla%20(Male)%20%5bStarmusiq.xyz%5d.mp3
10 Endrathukulla,,http://9xmusiq.com/file/songs/Tamil%20Songs/2015%20Tamil%20Mp3/10%20Endrathukulla%20(2015)/Gaana%20Gaana%20%5bStarmusiq.xyz%5d.mp3
10 Endrathukulla,,http://9xmusiq.com/file/songs/Tamil%20Songs/2015%20Tamil%20Mp3/10%20Endrathukulla%20(2015)/Pathu%20Endradhukkulla%20(Female)%20%20%5bStarmusiq.xyz%5d.mp3
10 Endrathukulla,,http://9xmusiq.com/file/songs/Tamil%20Songs/2015%20Tamil%20Mp3/10%20Endrathukulla%20(2015)/Vroom%20Vroom%20%5bStarmusiq.xyz%5d.mp3
10 Endrathukulla,,http://9xmusiq.com/file/songs/Tamil%20Songs/2015%20Tamil%20Mp3/10%20Endrathukulla%20(2015)/Mysterious%20Travel%20%5bStarmusiq.xyz%5d.mp3
10 Endrathukulla,,http://9xmusiq.com/file/songs/Tamil%20Songs/2015%20Tamil%20Mp3/10%20Endrathukulla%20(2015)/Aanalum%20Indha%20%5bStarmusiq.xyz%5d.mp3
Kaaka Muttai,,http://9xmusiq.com/file/songs/Tamil%20Songs/2015%20Tamil%20Mp3/Kaaka%20Muttai%20(2015)/Edhai%20Ninaithom%20%5bStarmusiq.xyz%5d.mp3
Kaaka Muttai,,http://9xmusiq.com/file/songs/Tamil%20Songs/2015%20Tamil%20Mp3/Kaaka%20Muttai%20(2015)/Sel%20Sel%20%5bStarmusiq.xyz%5d.mp3
Kaaka Muttai,,http://9xmusiq.com/file/songs/Tamil%20Songs/2015%20Tamil%20Mp3/Kaaka%20Muttai%20(2015)/Manjave%20Kanjachu%20%5bStarmusiq.xyz%5d.mp3
Kaaka Muttai,,http://9xmusiq.com/file/songs/Tamil%20Songs/2015%20Tamil%20Mp3/Kaaka%20Muttai%20(2015)/Karuppu%20Karuppu%20%5bStarmusiq.xyz%5d.mp3
Kirumi,,http://9xmusiq.com/file/songs/Tamil%20Songs/2015%20Tamil%20Mp3/Kirumi%20(2015)/Vaal%20Veesum%20Vazhkai%20%5bStarmusiq.xyz%5d.mp3
Kirumi,,http://9xmusiq.com/file/songs/Tamil%20Songs/2015%20Tamil%20Mp3/Kirumi%20(2015)/Oc%20Soru%20%5bStarmusiq.xyz%5d.mp3
Kirumi,,http://9xmusiq.com/file/songs/Tamil%20Songs/2015%20Tamil%20Mp3/Kirumi%20(2015)/Boom%20Boom%20Boodham%20%5bStarmusiq.xyz%5d.mp3
Kirumi,,http://9xmusiq.com/file/songs/Tamil%20Songs/2015%20Tamil%20Mp3/Kirumi%20(2015)/Naanal%20Poovaai%20%5bStarmusiq.xyz%5d.mp3
Kirumi,,http://9xmusiq.com/file/songs/Tamil%20Songs/2015%20Tamil%20Mp3/Kirumi%20(2015)/Naa%20Parraka%20%5bStarmusiq.xyz%5d.mp3
Arasakulam,,http://9xmusiq.com/file/songs/Tamil%20Songs/2017%20Tamil%20Mp3/Arasakulam/Udukka%20Silusilukkudhu%20%5bStarmusiq.cc%5d.mp3
Arasakulam,,http://9xmusiq.com/file/songs/Tamil%20Songs/2017%20Tamil%20Mp3/Arasakulam/Valarum%20Kodi%20Valara%20%5bStarmusiq.cc%5d.mp3
Arasakulam,,http://9xmusiq.com/file/songs/Tamil%20Songs/2017%20Tamil%20Mp3/Arasakulam/Venamppa%20Venam%20%5bStarmusiq.cc%5d.mp3
Arasakulam,,http://9xmusiq.com/file/songs/Tamil%20Songs/2017%20Tamil%20Mp3/Arasakulam/Uyire%20En%20Uyire%20%5bStarmusiq.cc%5d.mp3
Arasakulam,,http://9xmusiq.com/file/songs/Tamil%20Songs/2017%20Tamil%20Mp3/Arasakulam/Sontham%20Bandham%20%5bStarmusiq.cc%5d.mp3
Arasakulam,,http://9xmusiq.com/file/songs/Tamil%20Songs/2017%20Tamil%20Mp3/Arasakulam/Unpaarvai%20Enmele%20%5bStarmusiq.cc%5d.mp3
Ponge Ezhu Manohara,,http://9xmusiq.com/file/songs/Tamil%20Songs/2014%20Tamil%20Mp3/Ponge%20Ezhu%20Manohara%20(2014)/Ullae%20Ullae%20%5bStarmusiq.xyz%5d.mp3
Ponge Ezhu Manohara,,http://9xmusiq.com/file/songs/Tamil%20Songs/2014%20Tamil%20Mp3/Ponge%20Ezhu%20Manohara%20(2014)/Nada%20Nadanu%20%5bStarmusiq.xyz%5d.mp3
Ponge Ezhu Manohara,,http://9xmusiq.com/file/songs/Tamil%20Songs/2014%20Tamil%20Mp3/Ponge%20Ezhu%20Manohara%20(2014)/Naan%20Mazhaiyil%20(Male%20Version)%20%5bStarmusiq.xyz%5d.mp3
Ponge Ezhu Manohara,,http://9xmusiq.com/file/songs/Tamil%20Songs/2014%20Tamil%20Mp3/Ponge%20Ezhu%20Manohara%20(2014)/Maanu%20Vettai%20%5bStarmusiq.xyz%5d.mp3
Ponge Ezhu Manohara,,http://9xmusiq.com/file/songs/Tamil%20Songs/2014%20Tamil%20Mp3/Ponge%20Ezhu%20Manohara%20(2014)/Naan%20Mazhaiyil%20(Female%20Version)%20%5bStarmusiq.xyz%5d.mp3
Ponge Ezhu Manohara,,http://9xmusiq.com/file/songs/Tamil%20Songs/2014%20Tamil%20Mp3/Ponge%20Ezhu%20Manohara%20(2014)/Kaanang%20Kuruvi%20%5bStarmusiq.xyz%5d.mp3
Strawberry,,http://9xmusiq.com/file/songs/Tamil%20Songs/2015%20Tamil%20Mp3/Strawberry%20(2015)/Kaiveesum%20(Female)%20%5bStarmusiq.xyz%5d.mp3
Strawberry,,http://9xmusiq.com/file/songs/Tamil%20Songs/2015%20Tamil%20Mp3/Strawberry%20(2015)/Strawberry%20%5bStarmusiq.xyz%5d.mp3
Strawberry,,http://9xmusiq.com/file/songs/Tamil%20Songs/2015%20Tamil%20Mp3/Strawberry%20(2015)/Kaiveesum%20(Male)%20%5bStarmusiq.xyz%5d.mp3
Strawberry,,http://9xmusiq.com/file/songs/Tamil%20Songs/2015%20Tamil%20Mp3/Strawberry%20(2015)/Hai%20Call%20Taxi%20%5bStarmusiq.xyz%5d.mp3
Strawberry,,http://9xmusiq.com/file/songs/Tamil%20Songs/2015%20Tamil%20Mp3/Strawberry%20(2015)/Ahh%20Ohh%20Isai%20%5bStarmusiq.xyz%5d.mp3
Saahasam,,http://9xmusiq.com/file/songs/Tamil%20Songs/2015%20Tamil%20Mp3/Saahasam%20(2015)/Oh%20Madhu%20(Reprise)%20%5bStarmusiq.xyz%5d.mp3
Saahasam,,http://9xmusiq.com/file/songs/Tamil%20Songs/2015%20Tamil%20Mp3/Saahasam%20(2015)/Sayang%20Ku%20%5bStarmusiq.xyz%5d.mp3
Saahasam,,http://9xmusiq.com/file/songs/Tamil%20Songs/2015%20Tamil%20Mp3/Saahasam%20(2015)/Angry%20Bird%20%5bStarmusiq.xyz%5d.mp3
Saahasam,,http://9xmusiq.com/file/songs/Tamil%20Songs/2015%20Tamil%20Mp3/Saahasam%20(2015)/Pudikkum%20%5bStarmusiq.xyz%5d.mp3
Saahasam,,http://9xmusiq.com/file/songs/Tamil%20Songs/2015%20Tamil%20Mp3/Saahasam%20(2015)/Oh%20Madhu%20%5bStarmusiq.xyz%5d.mp3
Saahasam,,http://9xmusiq.com/file/songs/Tamil%20Songs/2015%20Tamil%20Mp3/Saahasam%20(2015)/Desi%20Girl%20%5bStarmusiq.xyz%5d.mp3
Andhra Mess,,http://9xmusiq.com/file/songs/Tamil%20Songs/2015%20Tamil%20Mp3/Andhra%20Mess%20(2015)/Orey%20Oor%20%5bStarmusiq.xyz%5d.mp3
Andhra Mess,,http://9xmusiq.com/file/songs/Tamil%20Songs/2015%20Tamil%20Mp3/Andhra%20Mess%20(2015)/Sittham%20%5bStarmusiq.xyz%5d.mp3
Andhra Mess,,http://9xmusiq.com/file/songs/Tamil%20Songs/2015%20Tamil%20Mp3/Andhra%20Mess%20(2015)/Shiddath%20Hindi%20%5bStarmusiq.xyz%5d.mp3
Andhra Mess,,http://9xmusiq.com/file/songs/Tamil%20Songs/2015%20Tamil%20Mp3/Andhra%20Mess%20(2015)/Two%20Liberated%20Souls%20(Instrumental)%20%5bStarmusiq.xyz%5d.mp3
Andhra Mess,,http://9xmusiq.com/file/songs/Tamil%20Songs/2015%20Tamil%20Mp3/Andhra%20Mess%20(2015)/Aana%20Oona%20%5bStarmusiq.xyz%5d.mp3
Andhra Mess,,http://9xmusiq.com/file/songs/Tamil%20Songs/2015%20Tamil%20Mp3/Andhra%20Mess%20(2015)/Sittham%20(Remix)%20%5bStarmusiq.xyz%5d.mp3
Andhra Mess,,http://9xmusiq.com/file/songs/Tamil%20Songs/2015%20Tamil%20Mp3/Andhra%20Mess%20(2015)/Orey%20Oor%20(Instrumental)%20%5bStarmusiq.xyz%5d.mp3
Andhra Mess,,http://9xmusiq.com/file/songs/Tamil%20Songs/2015%20Tamil%20Mp3/Andhra%20Mess%20(2015)/The%20Loot%20Plan%20(Instrumental)%20%5bStarmusiq.xyz%5d.mp3
Andhra Mess,,http://9xmusiq.com/file/songs/Tamil%20Songs/2015%20Tamil%20Mp3/Andhra%20Mess%20(2015)/The%20Loot%20Ride%20(Instrumental)%20%5bStarmusiq.xyz%5d.mp3
Tihar,,http://9xmusiq.com/file/songs/Tamil%20Songs/2014%20Tamil%20Mp3/Tihar%20(2014)/Ezhuvannam%20Pola%20%5bStarmusiq.xyz%5d.mp3
Tihar,,http://9xmusiq.com/file/songs/Tamil%20Songs/2014%20Tamil%20Mp3/Tihar%20(2014)/Sathiradum%20Neela%20%5bStarmusiq.xyz%5d.mp3
Tihar,,http://9xmusiq.com/file/songs/Tamil%20Songs/2014%20Tamil%20Mp3/Tihar%20(2014)/Yarivan%20Yarivan%20%5bStarmusiq.xyz%5d.mp3
Tihar,,http://9xmusiq.com/file/songs/Tamil%20Songs/2014%20Tamil%20Mp3/Tihar%20(2014)/Methathai%20Meeruda%20%5bStarmusiq.xyz%5d.mp3
Kalathur Gramam,,http://9xmusiq.com/file/songs2/tamil/Kalathur%20Gramam/Ammanukku%20Senja%20Thali%20%5bStarmusiq.info%5d.mp3
Kalathur Gramam,,http://9xmusiq.com/file/songs2/tamil/Kalathur%20Gramam/Kanna%20Unnai%20%5bStarmusiq.info%5d.mp3
Yaanum Theeyavan,2016,http://9xmusiq.com/file/songs/Tamil%20Songs/2016%20Tamil%20Mp3/Yaanum%20Theeyavan%20(2016)/Yaanum%20Theeyavan%20%5bStarmusiq.xyz%5d.mp3
Yaanum Theeyavan,2016,http://9xmusiq.com/file/songs/Tamil%20Songs/2016%20Tamil%20Mp3/Yaanum%20Theeyavan%20(2016)/Nenjukulle%20%5bStarmusiq.xyz%5d.mp3
Yaanum Theeyavan,2016,http://9xmusiq.com/file/songs/Tamil%20Songs/2016%20Tamil%20Mp3/Yaanum%20Theeyavan%20(2016)/Nenjukulle%20Unplugged%20%5bStarmusiq.xyz%5d.mp3
Yaanum Theeyavan,2016,http://9xmusiq.com/file/songs/Tamil%20Songs/2016%20Tamil%20Mp3/Yaanum%20Theeyavan%20(2016)/The%20Rise%20of%20a%20Gangster%20%5bStarmusiq.xyz%5d.mp3
Yaanum Theeyavan,2016,http://9xmusiq.com/file/songs/Tamil%20Songs/2016%20Tamil%20Mp3/Yaanum%20Theeyavan%20(2016)/Aagayamey%20%5bStarmusiq.xyz%5d.mp3
Yaanum Theeyavan,2016,http://9xmusiq.com/file/songs/Tamil%20Songs/2016%20Tamil%20Mp3/Yaanum%20Theeyavan%20(2016)/Nila%20Nila%20%5bStarmusiq.xyz%5d.mp3
Senjittale En Kadhala,,http://9xmusiq.com/file/songs2/tamil/Senjittale%20En%20Kadhala/Jingu%20Chicku%20%5bStarmusiq.cc%5d.mp3
Senjittale En Kadhala,,http://9xmusiq.com/file/songs2/tamil/Senjittale%20En%20Kadhala/Sillakidum%20%5bStarmusiq.cc%5d.mp3
Senjittale En Kadhala,,http://9xmusiq.com/file/songs2/tamil/Senjittale%20En%20Kadhala/Aai%20Paiyan%20Enge%20%5bStarmusiq.cc%5d.mp3
Senjittale En Kadhala,,http://9xmusiq.com/file/songs2/tamil/Senjittale%20En%20Kadhala/Kannamma%20(Pinnindru%20Kan%20Maraiththal)%20%5bStarmusiq.cc%5d.mp3
Senjittale En Kadhala,,http://9xmusiq.com/file/songs2/tamil/Senjittale%20En%20Kadhala/Play%20Girl%20%5bStarmusiq.cc%5d.mp3
Senjittale En Kadhala,,http://9xmusiq.com/file/songs2/tamil/Senjittale%20En%20Kadhala/Finding%20Aai%20Paiya%20%5bStarmusiq.cc%5d.mp3
Senjittale En Kadhala,,http://9xmusiq.com/file/songs2/tamil/Senjittale%20En%20Kadhala/En%20Vaazhkai%20%5bStarmusiq.cc%5d.mp3
Senjittale En Kadhala,,http://9xmusiq.com/file/songs2/tamil/Senjittale%20En%20Kadhala/Finding%20Aai%20Paiyan%20(Extended%20Version)%20%5bStarmusiq.cc%5d.mp3
Senjittale En Kadhala,,http://9xmusiq.com/file/songs2/tamil/Senjittale%20En%20Kadhala/Ithu%20Varai%20%5bStarmusiq.cc%5d.mp3
Thegidi,,http://9xmusiq.com/file/songs/Tamil%20Songs/2014%20Tamil%20Mp3/Thegidi%20(2014)/Neeyum%20Dhinam%20(Title%20Track)%20%5bStarmusiq.xyz%5d.mp3
Thegidi,,http://9xmusiq.com/file/songs/Tamil%20Songs/2014%20Tamil%20Mp3/Thegidi%20(2014)/Vinmeen%20Vithaiyil%20%5bStarmusiq.xyz%5d.mp3
Thegidi,,http://9xmusiq.com/file/songs/Tamil%20Songs/2014%20Tamil%20Mp3/Thegidi%20(2014)/Yaar%20Ezhudhiyadho%20%5bStarmusiq.xyz%5d.mp3
Thegidi,,http://9xmusiq.com/file/songs/Tamil%20Songs/2014%20Tamil%20Mp3/Thegidi%20(2014)/Yaar%20Ezhudhiyadho%20(Karaoke)%20%5bStarmusiq.xyz%5d.mp3
Thegidi,,http://9xmusiq.com/file/songs/Tamil%20Songs/2014%20Tamil%20Mp3/Thegidi%20(2014)/Needhaanea%20Needhaanea%20%5bStarmusiq.xyz%5d.mp3
Thegidi,,http://9xmusiq.com/file/songs/Tamil%20Songs/2014%20Tamil%20Mp3/Thegidi%20(2014)/Kangalai%20Oru%20%5bStarmusiq.xyz%5d.mp3
Thegidi,,http://9xmusiq.com/file/songs/Tamil%20Songs/2014%20Tamil%20Mp3/Thegidi%20(2014)/Vinmeen%20Vithaiyil%20(Karaoke)%20%5bStarmusiq.xyz%5d.mp3
Thiruttu Vcd,,http://9xmusiq.com/file/songs/Tamil%20Songs/2015%20Tamil%20Mp3/Thiruttu%20Vcd%20(2015)/July%20Kaatril%20%5bStarmusiq.xyz%5d.mp3
Thiruttu Vcd,,http://9xmusiq.com/file/songs/Tamil%20Songs/2015%20Tamil%20Mp3/Thiruttu%20Vcd%20(2015)/Facebook%20%5bStarmusiq.xyz%5d.mp3
Thiruttu Vcd,,http://9xmusiq.com/file/songs/Tamil%20Songs/2015%20Tamil%20Mp3/Thiruttu%20Vcd%20(2015)/Thiruttu%20Vcd%20Promo%20%5bStarmusiq.xyz%5d.mp3
Thiruttu Vcd,,http://9xmusiq.com/file/songs/Tamil%20Songs/2015%20Tamil%20Mp3/Thiruttu%20Vcd%20(2015)/Nenjukkulle%20%5bStarmusiq.xyz%5d.mp3
Kaadu,,http://9xmusiq.com/file/songs/Tamil%20Songs/2014%20Tamil%20Mp3/Kaadu%20(2014)/Ettu%20Thikkum%20%5bStarmusiq.xyz%5d.mp3
Kaadu,,http://9xmusiq.com/file/songs/Tamil%20Songs/2014%20Tamil%20Mp3/Kaadu%20(2014)/Oororam%20%5bStarmusiq.xyz%5d.mp3
Kaadu,,http://9xmusiq.com/file/songs/Tamil%20Songs/2014%20Tamil%20Mp3/Kaadu%20(2014)/Oororam%20(Reprise)%20%5bStarmusiq.xyz%5d.mp3
Kaadu,,http://9xmusiq.com/file/songs/Tamil%20Songs/2014%20Tamil%20Mp3/Kaadu%20(2014)/Onna%20Patthi%20Nenachale%20%5bStarmusiq.xyz%5d.mp3
Kaadu,,http://9xmusiq.com/file/songs/Tamil%20Songs/2014%20Tamil%20Mp3/Kaadu%20(2014)/Uyire%20%5bStarmusiq.xyz%5d.mp3
Kaadu,,http://9xmusiq.com/file/songs/Tamil%20Songs/2014%20Tamil%20Mp3/Kaadu%20(2014)/Uchi%20Malai%20Kaadu%20(Reprise)%20%5bStarmusiq.xyz%5d.mp3
Kaadu,,http://9xmusiq.com/file/songs/Tamil%20Songs/2014%20Tamil%20Mp3/Kaadu%20(2014)/Uchi%20Malai%20Kaadu%20%5bStarmusiq.xyz%5d.mp3
Katham Katham,,http://9xmusiq.com/file/songs/Tamil%20Songs/2014%20Tamil%20Mp3/Katham%20Katham%20(2014)/Poda%20Poda%20%5bStarmusiq.xyz%5d.mp3
Katham Katham,,http://9xmusiq.com/file/songs/Tamil%20Songs/2014%20Tamil%20Mp3/Katham%20Katham%20(2014)/Macham%20Parka%20%5bStarmusiq.xyz%5d.mp3
Katham Katham,,http://9xmusiq.com/file/songs/Tamil%20Songs/2014%20Tamil%20Mp3/Katham%20Katham%20(2014)/Idhu%20Enna%20%5bStarmusiq.xyz%5d.mp3
Katham Katham,,http://9xmusiq.com/file/songs/Tamil%20Songs/2014%20Tamil%20Mp3/Katham%20Katham%20(2014)/Vada%20Pooche%20%5bStarmusiq.xyz%5d.mp3
Katham Katham,,http://9xmusiq.com/file/songs/Tamil%20Songs/2014%20Tamil%20Mp3/Katham%20Katham%20(2014)/Paakku%20Vetti%20%5bStarmusiq.xyz%5d.mp3
Tharai Thappattai,,http://9xmusiq.com/file/songs/Tamil%20Songs/2015%20Tamil%20Mp3/Tharai%20Thappattai%20(2015)/Aarambam%20Aavadhu%20%5bStarmusiq.xyz%5d.mp3
Tharai Thappattai,,http://9xmusiq.com/file/songs/Tamil%20Songs/2015%20Tamil%20Mp3/Tharai%20Thappattai%20(2015)/Hero%20Intro%20Theme%20%5bStarmusiq.xyz%5d.mp3
Tharai Thappattai,,http://9xmusiq.com/file/songs/Tamil%20Songs/2015%20Tamil%20Mp3/Tharai%20Thappattai%20(2015)/Tharai%20Thappattai%20Theme%20%5bStarmusiq.xyz%5d.mp3
Tharai Thappattai,,http://9xmusiq.com/file/songs/Tamil%20Songs/2015%20Tamil%20Mp3/Tharai%20Thappattai%20(2015)/Idarinum%20%5bStarmusiq.xyz%5d.mp3
Tharai Thappattai,,http://9xmusiq.com/file/songs/Tamil%20Songs/2015%20Tamil%20Mp3/Tharai%20Thappattai%20(2015)/Paruruvaaya%20%5bStarmusiq.xyz%5d.mp3
Tharai Thappattai,,http://9xmusiq.com/file/songs/Tamil%20Songs/2015%20Tamil%20Mp3/Tharai%20Thappattai%20(2015)/Vathana%20Vathana%20Vadivelan%20%5bStarmusiq.xyz%5d.mp3
Tharai Thappattai,,http://9xmusiq.com/file/songs/Tamil%20Songs/2015%20Tamil%20Mp3/Tharai%20Thappattai%20(2015)/Aattakkari%20Maman%20Ponnu%20%5bStarmusiq.xyz%5d.mp3
Aayirathil Iruvar (2015),2016,http://9xmusiq.com/file/songs/Tamil%20Songs/2015%20Tamil%20Mp3/Aayirathil%20Iruvar%20%282015%29/Yen%20Uyire%20Nee%20%5bStarmusiq.xyz%5d.mp3
Aayirathil Iruvar (2015),2016,http://9xmusiq.com/file/songs/Tamil%20Songs/2015%20Tamil%20Mp3/Aayirathil%20Iruvar%20%282015%29/Yelay%20Yelay%20%5bStarmusiq.xyz%5d.mp3
Aayirathil Iruvar (2015),2016,http://9xmusiq.com/file/songs/Tamil%20Songs/2015%20Tamil%20Mp3/Aayirathil%20Iruvar%20%282015%29/Ammane%20Ammane%20%5bStarmusiq.xyz%5d.mp3
Aayirathil Iruvar (2015),2016,http://9xmusiq.com/file/songs/Tamil%20Songs/2015%20Tamil%20Mp3/Aayirathil%20Iruvar%20%282015%29/Thirunelveli%20Thirunelveli%20%5bStarmusiq.xyz%5d.mp3
Aayirathil Iruvar (2015),2016,http://9xmusiq.com/file/songs/Tamil%20Songs/2015%20Tamil%20Mp3/Aayirathil%20Iruvar%20%282015%29/Manga%20Peesula%20Manga%20%5bStarmusiq.xyz%5d.mp3
Aayirathil Iruvar (2015),2016,http://9xmusiq.com/file/songs/Tamil%20Songs/2015%20Tamil%20Mp3/Aayirathil%20Iruvar%20%282015%29/Ponna%20Pathi%20Sollava%20%5bStarmusiq.xyz%5d.mp3
Aayirathil Iruvar (2015),2016,http://9xmusiq.com/file/songs/Tamil%20Songs/2015%20Tamil%20Mp3/Aayirathil%20Iruvar%20%282015%29/Unnai%20Enni%20Enni%20Manasu%20%5bStarmusiq.xyz%5d.mp3
Rum,,http://9xmusiq.com/file/songs/Tamil%20Songs/2016%20Tamil%20Mp3/Rum%20(2016)/Kadavulae%20Vidai%20(Reprise)%20%5bStarmusiq.cc%5d.mp3
Rum,,http://9xmusiq.com/file/songs/Tamil%20Songs/2016%20Tamil%20Mp3/Rum%20(2016)/Alladhe%20Siragiye%20%5bStarmusiq.cc%5d.mp3
Rum,,http://9xmusiq.com/file/songs/Tamil%20Songs/2016%20Tamil%20Mp3/Rum%20(2016)/Peiyophobilia%20%5bStarmusiq.cc%5d.mp3
Rum,,http://9xmusiq.com/file/songs/Tamil%20Songs/2016%20Tamil%20Mp3/Rum%20(2016)/Hola%20Amigo%20%5bStarmusiq.cc%5d.mp3
Rum,,http://9xmusiq.com/file/songs/Tamil%20Songs/2016%20Tamil%20Mp3/Rum%20(2016)/Hola%20Senorita%20%5bStarmusiq.cc%5d.mp3
Beedi,,http://9xmusiq.com/file/songs/Tamil%20Songs/2015%20Tamil%20Mp3/Beedi%20(2015)/Rangara%20Rangara%20%5bStarmusiq.xyz%5d.mp3
Beedi,,http://9xmusiq.com/file/songs/Tamil%20Songs/2015%20Tamil%20Mp3/Beedi%20(2015)/Yethu%20Kodi%20Yethu%20%5bStarmusiq.xyz%5d.mp3
Beedi,,http://9xmusiq.com/file/songs/Tamil%20Songs/2015%20Tamil%20Mp3/Beedi%20(2015)/Malai%20Azhaga%20%5bStarmusiq.xyz%5d.mp3
Beedi,,http://9xmusiq.com/file/songs/Tamil%20Songs/2015%20Tamil%20Mp3/Beedi%20(2015)/Aathi%20Adi%20Aathi%20%5bStarmusiq.xyz%5d.mp3
Nerungi Vaa Muthamidathe,,http://9xmusiq.com/file/songs/Tamil%20Songs/2014%20Tamil%20Mp3/Nerungi%20Vaa%20Muthamidathe%20(2014)/Hey%20Sutrum%20Bhoomi%20%5bStarmusiq.xyz%5d.mp3
Nerungi Vaa Muthamidathe,,http://9xmusiq.com/file/songs/Tamil%20Songs/2014%20Tamil%20Mp3/Nerungi%20Vaa%20Muthamidathe%20(2014)/Yaarum%20Pakkama%20%5bStarmusiq.xyz%5d.mp3
Nerungi Vaa Muthamidathe,,http://9xmusiq.com/file/songs/Tamil%20Songs/2014%20Tamil%20Mp3/Nerungi%20Vaa%20Muthamidathe%20(2014)/Yaarum%20Pakkama%20(Karaoke)%20%5bStarmusiq.xyz%5d.mp3
Nerungi Vaa Muthamidathe,,http://9xmusiq.com/file/songs/Tamil%20Songs/2014%20Tamil%20Mp3/Nerungi%20Vaa%20Muthamidathe%20(2014)/Kaligalam%20(Karaoke)%20%5bStarmusiq.xyz%5d.mp3
Nerungi Vaa Muthamidathe,,http://9xmusiq.com/file/songs/Tamil%20Songs/2014%20Tamil%20Mp3/Nerungi%20Vaa%20Muthamidathe%20(2014)/Kaligalam%20%5bStarmusiq.xyz%5d.mp3
Nerungi Vaa Muthamidathe,,http://9xmusiq.com/file/songs/Tamil%20Songs/2014%20Tamil%20Mp3/Nerungi%20Vaa%20Muthamidathe%20(2014)/Yaar%20%5bStarmusiq.xyz%5d.mp3
Kaaval,,http://9xmusiq.com/file/songs/Tamil%20Songs/2015%20Tamil%20Mp3/Kaaval%20(2015)/Natta%20Nada%20Iravula%20%5bStarmusiq.xyz%5d.mp3
Kaaval,,http://9xmusiq.com/file/songs/Tamil%20Songs/2015%20Tamil%20Mp3/Kaaval%20(2015)/Aavaram%20Poovukkum%20%5bStarmusiq.xyz%5d.mp3
Kaaval,,http://9xmusiq.com/file/songs/Tamil%20Songs/2015%20Tamil%20Mp3/Kaaval%20(2015)/Kaaval%20Theme%20%5bStarmusiq.xyz%5d.mp3
Kaaval,,http://9xmusiq.com/file/songs/Tamil%20Songs/2015%20Tamil%20Mp3/Kaaval%20(2015)/Aadu%20Annatha%20%5bStarmusiq.xyz%5d.mp3
Kaaval,,http://9xmusiq.com/file/songs/Tamil%20Songs/2015%20Tamil%20Mp3/Kaaval%20(2015)/Sakka%20Podu%20%5bStarmusiq.xyz%5d.mp3
Kaaval,,http://9xmusiq.com/file/songs/Tamil%20Songs/2015%20Tamil%20Mp3/Kaaval%20(2015)/Un%20Kannukkullara%20%5bStarmusiq.xyz%5d.mp3
Yennai Arindhaal,,http://9xmusiq.com/file/songs/Tamil%20Songs/2014%20Tamil%20Mp3/Yennai%20Arindhaal%20(2014)/Unakkenna%20Venum%20Sollu%20%5bStarmusiq.xyz%5d.mp3
Yennai Arindhaal,,http://9xmusiq.com/file/songs/Tamil%20Songs/2014%20Tamil%20Mp3/Yennai%20Arindhaal%20(2014)/Yen%20Ennai%20%5bStarmusiq.xyz%5d.mp3
Yennai Arindhaal,,http://9xmusiq.com/file/songs/Tamil%20Songs/2014%20Tamil%20Mp3/Yennai%20Arindhaal%20(2014)/Mazhai%20Vara%20Pogudhe%20%5bStarmusiq.xyz%5d.mp3
Yennai Arindhaal,,http://9xmusiq.com/file/songs/Tamil%20Songs/2014%20Tamil%20Mp3/Yennai%20Arindhaal%20(2014)/Adhaaru%20Adhaaru%20%5bStarmusiq.xyz%5d.mp3
Yennai Arindhaal,,http://9xmusiq.com/file/songs/Tamil%20Songs/2014%20Tamil%20Mp3/Yennai%20Arindhaal%20(2014)/Yennai%20Arindhaal%20%5bStarmusiq.xyz%5d.mp3
Yennai Arindhaal,,http://9xmusiq.com/file/songs/Tamil%20Songs/2014%20Tamil%20Mp3/Yennai%20Arindhaal%20(2014)/Idhayathai%20Yedho%20Ondru%20%5bStarmusiq.xyz%5d.mp3
Yennai Arindhaal,,http://9xmusiq.com/file/songs/Tamil%20Songs/2014%20Tamil%20Mp3/Yennai%20Arindhaal%20(2014)/Maya%20Bazaar%20%5bStarmusiq.xyz%5d.mp3
Karthikeyan,,http://9xmusiq.com/file/songs/Tamil%20Songs/2014%20Tamil%20Mp3/Karthikeyan%20(2014)/Thedamal%20%5bStarmusiq.xyz%5d.mp3
Karthikeyan,,http://9xmusiq.com/file/songs/Tamil%20Songs/2014%20Tamil%20Mp3/Karthikeyan%20(2014)/Penne%20Unnal%20Indre%20%5bStarmusiq.xyz%5d.mp3
Karthikeyan,,http://9xmusiq.com/file/songs/Tamil%20Songs/2014%20Tamil%20Mp3/Karthikeyan%20(2014)/Raise%20Of%20Karthikeyan%20%5bStarmusiq.xyz%5d.mp3
Karthikeyan,,http://9xmusiq.com/file/songs/Tamil%20Songs/2014%20Tamil%20Mp3/Karthikeyan%20(2014)/Kangalum%20%5bStarmusiq.xyz%5d.mp3
Karthikeyan,,http://9xmusiq.com/file/songs/Tamil%20Songs/2014%20Tamil%20Mp3/Karthikeyan%20(2014)/Vennila%20%5bStarmusiq.xyz%5d.mp3
Karthikeyan,,http://9xmusiq.com/file/songs/Tamil%20Songs/2014%20Tamil%20Mp3/Karthikeyan%20(2014)/Thandave%20%5bStarmusiq.xyz%5d.mp3
Kayal,,http://9xmusiq.com/file/songs/Tamil%20Songs/2014%20Tamil%20Mp3/Kayal%20(2014)/Yengirindhu%20Vandhayo%20%5bStarmusiq.xyz%5d.mp3
Kayal,,http://9xmusiq.com/file/songs/Tamil%20Songs/2014%20Tamil%20Mp3/Kayal%20(2014)/Yen%20Aala%20Paakkaporaen%20(Karaoke)%20%5bStarmusiq.xyz%5d.mp3
Kayal,,http://9xmusiq.com/file/songs/Tamil%20Songs/2014%20Tamil%20Mp3/Kayal%20(2014)/Deeyaalo%20Deeyalo%20%5bStarmusiq.xyz%5d.mp3
Kayal,,http://9xmusiq.com/file/songs/Tamil%20Songs/2014%20Tamil%20Mp3/Kayal%20(2014)/Yenga%20Pulla%20Irukka%20%5bStarmusiq.xyz%5d.mp3
Kayal,,http://9xmusiq.com/file/songs/Tamil%20Songs/2014%20Tamil%20Mp3/Kayal%20(2014)/Unna%20Ippo%20Paakkanum%20%5bStarmusiq.xyz%5d.mp3
Kayal,,http://9xmusiq.com/file/songs/Tamil%20Songs/2014%20Tamil%20Mp3/Kayal%20(2014)/Unna%20Ippo%20Paakkanum%20(Karaoke)%20%5bStarmusiq.xyz%5d.mp3
Kayal,,http://9xmusiq.com/file/songs/Tamil%20Songs/2014%20Tamil%20Mp3/Kayal%20(2014)/Deeyaalo%20Deeyalo%20(Karaoke)%20%5bStarmusiq.xyz%5d.mp3
Kayal,,http://9xmusiq.com/file/songs/Tamil%20Songs/2014%20Tamil%20Mp3/Kayal%20(2014)/Koodave%20Varamaadhiri%20%5bStarmusiq.xyz%5d.mp3
Kayal,,http://9xmusiq.com/file/songs/Tamil%20Songs/2014%20Tamil%20Mp3/Kayal%20(2014)/Yen%20Aala%20Paakkaporaen%20%5bStarmusiq.xyz%5d.mp3
Kayal,,http://9xmusiq.com/file/songs/Tamil%20Songs/2014%20Tamil%20Mp3/Kayal%20(2014)/Paravayaa%20Parakkurom%20%5bStarmusiq.xyz%5d.mp3
Kaththi,,http://9xmusiq.com/file/songs/Tamil%20Songs/2014%20Tamil%20Mp3/Kaththi%20(2014)/Bad%20Eyes%20Villain%20Theme%20%5bStarmusiq.xyz%5d.mp3
Kaththi,,http://9xmusiq.com/file/songs/Tamil%20Songs/2014%20Tamil%20Mp3/Kaththi%20(2014)/Kaththi%20Theme%20The%20Sword%20Of%20Destiny%20%5bStarmusiq.xyz%5d.mp3
Kaththi,,http://9xmusiq.com/file/songs/Tamil%20Songs/2014%20Tamil%20Mp3/Kaththi%20(2014)/Pakkam%20Vanthu%20%5bStarmusiq.xyz%5d.mp3
Kaththi,,http://9xmusiq.com/file/songs/Tamil%20Songs/2014%20Tamil%20Mp3/Kaththi%20(2014)/Aathi%20%5bStarmusiq.xyz%5d.mp3
Kaththi,,http://9xmusiq.com/file/songs/Tamil%20Songs/2014%20Tamil%20Mp3/Kaththi%20(2014)/Selfie%20Pulla%20%5bStarmusiq.xyz%5d.mp3
Kaththi,,http://9xmusiq.com/file/songs/Tamil%20Songs/2014%20Tamil%20Mp3/Kaththi%20(2014)/Nee%20Yaaro%20%5bStarmusiq.xyz%5d.mp3
Kaththi,,http://9xmusiq.com/file/songs/Tamil%20Songs/2014%20Tamil%20Mp3/Kaththi%20(2014)/Paalam%20%5bStarmusiq.xyz%5d.mp3
Kadaisi Bench Karthi,,http://9xmusiq.com/file/songs2/tamil/Kadaisi%20Bench%20Karthi/Lovela%20Kikkuilla%20%5bStarmusiq.cc%5d.mp3
Kadaisi Bench Karthi,,http://9xmusiq.com/file/songs2/tamil/Kadaisi%20Bench%20Karthi/Adam%20Pidipan%20%5bStarmusiq.cc%5d.mp3
Kadaisi Bench Karthi,,http://9xmusiq.com/file/songs2/tamil/Kadaisi%20Bench%20Karthi/Unthan%20Kannil%20%5bStarmusiq.cc%5d.mp3
Kadaisi Bench Karthi,,http://9xmusiq.com/file/songs2/tamil/Kadaisi%20Bench%20Karthi/Jingadi%20Jingadi%20%5bStarmusiq.cc%5d.mp3
Kadaisi Bench Karthi,,http://9xmusiq.com/file/songs2/tamil/Kadaisi%20Bench%20Karthi/Kannadi%20Poovai%20%5bStarmusiq.cc%5d.mp3
Nanbenda,,http://9xmusiq.com/file/songs/Tamil%20Songs/2014%20Tamil%20Mp3/Nanbenda%20(2014)/Oorellam%20Unnai%20Kandu%20%5bStarmusiq.xyz%5d.mp3
Nanbenda,,http://9xmusiq.com/file/songs/Tamil%20Songs/2014%20Tamil%20Mp3/Nanbenda%20(2014)/Dappankuthu%20Mettula%20%5bStarmusiq.xyz%5d.mp3
Nanbenda,,http://9xmusiq.com/file/songs/Tamil%20Songs/2014%20Tamil%20Mp3/Nanbenda%20(2014)/Enai%20Marubadi%20Marubadi%20%5bStarmusiq.xyz%5d.mp3
Nanbenda,,http://9xmusiq.com/file/songs/Tamil%20Songs/2014%20Tamil%20Mp3/Nanbenda%20(2014)/Neerambal%20Poove%20%5bStarmusiq.xyz%5d.mp3
Nanbenda,,http://9xmusiq.com/file/songs/Tamil%20Songs/2014%20Tamil%20Mp3/Nanbenda%20(2014)/Nee%20Sunno%20New%20Moono%20%5bStarmusiq.xyz%5d.mp3
Nanbenda,,http://9xmusiq.com/file/songs/Tamil%20Songs/2014%20Tamil%20Mp3/Nanbenda%20(2014)/Thene%20Thene%20Sendhene%20%5bStarmusiq.xyz%5d.mp3
Anjala,,http://9xmusiq.com/file/songs/Tamil%20Songs/2015%20Tamil%20Mp3/Anjala%20(2015)/Tea%20Podu%20%5bStarmusiq.xyz%5d.mp3
Anjala,,http://9xmusiq.com/file/songs/Tamil%20Songs/2015%20Tamil%20Mp3/Anjala%20(2015)/Yaarai%20Ketpadhu%20%5bStarmusiq.xyz%5d.mp3
Anjala,,http://9xmusiq.com/file/songs/Tamil%20Songs/2015%20Tamil%20Mp3/Anjala%20(2015)/Ayyankuli%20%5bStarmusiq.xyz%5d.mp3
Anjala,,http://9xmusiq.com/file/songs/Tamil%20Songs/2015%20Tamil%20Mp3/Anjala%20(2015)/Kanjadai%20%5bStarmusiq.xyz%5d.mp3
Anjala,,http://9xmusiq.com/file/songs/Tamil%20Songs/2015%20Tamil%20Mp3/Anjala%20(2015)/Nakkalu%20Maama%20%5bStarmusiq.xyz%5d.mp3
